2.418602 -2.347177 -1.299363 0
1.171049 1.077610 0.403576 0
2.647340 1.997922 -0.320168 0
3.340493 -1.498435 -1.982152 0
-2.731001 -2.388746 1.621439 1
2.207486 1.216500 0.720106 0
-1.345197 -3.073246 2.534005 1
3.359649 -1.080547 -2.568320 0
-2.375169 1.698954 1.456069 1
-2.087809 3.616173 3.956785 1
2.832958 -1.109402 -1.950855 0
4.501642 -1.189457 -3.652970 0
-1.386261 -3.495516 1.900930 1
-1.243687 -3.318437 2.097735 1
-1.773255 1.127971 1.539653 1
2.996035 -0.944001 0.115431 0
-1.247658 1.281951 1.956536 1
-1.051386 -0.035928 2.349379 1
-1.423955 1.314810 2.028228 1
-2.047347 1.195659 3.421325 1
-1.357758 0.583542 2.431052 1
3.800795 -1.408722 -1.018099 0
-0.548424 -0.016310 3.122956 1
1.715507 2.234236 1.427480 0
-1.610259 -3.026908 2.601261 1
-2.332651 -3.865091 3.120353 1
-1.870642 1.770121 2.711631 1
1.594313 2.111066 -0.223081 0
-1.945358 -4.201445 2.655262 1
-2.125073 -2.745298 2.104353 1
-1.834053 -4.780329 1.277148 1
-1.147596 -3.517525 1.947027 1
-2.357265 0.554666 3.257551 1
-2.961692 -4.211537 2.854310 1
1.545345 1.177173 1.486113 0
-0.966828 -0.487091 1.441563 1
-1.012036 2.342777 1.321442 1
-2.609031 1.065230 2.584816 1
2.659641 2.688392 0.875261 0
-2.497292 2.150705 1.613996 1
-3.058834 2.820470 2.377992 1
3.586158 -1.883359 -2.013059 0
2.422245 -1.931817 -1.666156 0
1.311569 -2.477559 0.054788 0
-0.941711 -3.243743 2.687208 1
2.510665 -1.639332 -1.402425 0
-3.333692 2.398704 4.241903 1
-3.298437 -2.403473 1.043404 1
-0.057168 0.070572 1.118168 1
-3.864893 -2.675853 1.201134 1
-1.676986 1.718938 1.776262 1
-0.995491 -2.555940 2.674859 1
3.394249 2.183299 0.164280 0
1.919098 2.864092 1.477544 0
-2.348050 1.749466 3.021527 1
2.444716 -2.849232 -1.187573 0
-1.874646 0.852095 0.675636 1
3.193827 -0.431979 -2.140457 0
-1.951952 0.127355 1.370869 1
3.250281 -2.338349 -0.893109 0
-1.642602 0.973148 2.391075 1
2.671040 -1.808919 -1.490548 0
-1.485004 1.267873 2.156840 1
-2.018874 0.700246 2.153981 1
2.568101 1.454872 0.266856 0
3.818104 -1.585384 -1.817727 0
-3.124214 3.505236 1.709516 1
-1.372416 0.309074 2.282101 1
-2.334832 1.693224 2.272349 1
-1.179539 1.037285 2.500657 1
3.058739 -1.692568 -0.934053 0
-1.234114 0.413084 3.488884 1
2.781605 -2.759817 -1.320092 0
1.535098 -1.492852 0.583585 0
-1.535891 1.537878 1.645750 1
3.493135 -1.123596 -1.339148 0
1.015526 -2.961547 -0.779958 0
-2.024507 -3.410445 1.983793 1
2.986679 -2.047130 -2.053737 0
-1.108804 1.160883 2.550343 1
3.720512 -1.908701 -1.716422 0
-3.078772 -3.354884 2.338347 1
-1.673645 1.134833 0.324948 1
3.838910 -1.912877 -2.111524 0
-3.833910 -2.801150 1.611579 1
-2.879927 -2.224716 1.750913 1
-0.673677 0.111952 1.881148 1
3.677530 -0.788958 -3.015866 0
3.688651 -0.979033 -1.504669 0
3.832191 -0.935682 -1.827773 0
-1.430851 0.805862 3.226700 1
-0.546774 0.221710 2.351933 1
-1.306838 0.202354 2.562003 1
-1.275185 1.705045 2.997702 1
-1.803158 2.332726 3.320690 1
2.782297 -1.208266 -1.050040 0
2.619328 -2.812907 -0.637231 0
-3.005698 -2.269285 0.765699 1
-1.365553 0.919494 3.155241 1
-1.041172 1.788194 1.426598 1
-1.690566 -3.575724 3.103942 1
-0.978146 0.719736 2.158338 1
2.580909 -3.407181 -2.106301 0
2.060229 -2.261246 -0.319895 0
-1.295012 2.028878 2.217166 1
2.549504 -2.493097 -1.524123 0
-0.888452 0.477093 2.778843 1
2.781189 3.292576 -0.004885 0
-1.337082 -2.772611 1.280323 1
-3.031244 -3.146529 1.786224 1
3.418209 -0.996810 -1.205339 0
-1.684040 2.426829 1.999128 1
-2.295584 1.815171 2.903841 1
-2.020212 -4.391348 2.765217 1
1.168377 1.706467 0.383023 0
1.645217 0.891909 0.654803 0
-1.479409 0.754893 2.734224 1
-1.812942 1.006929 2.237998 1
1.935978 2.471095 0.908421 0
-0.679928 1.395644 3.487363 1
-1.892252 -0.217091 1.448027 1
-1.238384 -3.663792 0.944942 1
2.438840 1.769676 1.291539 0
-1.572399 1.800957 2.240723 1
1.975568 0.759738 0.819389 0
2.075226 -2.617216 -0.910488 0
-1.318822 0.455665 2.902416 1
3.488506 -2.785523 -1.845773 0
-1.922530 1.003649 3.329825 1
3.053509 -1.956982 -1.739024 0
2.740941 -1.618380 -0.261250 0
3.246532 0.092761 -1.393953 0
-3.030845 2.328165 2.921361 1
1.728004 0.826966 1.283529 0
-1.797497 0.319104 2.776939 1
3.438070 -1.797869 -2.588806 0
2.505296 1.088093 0.473495 0
2.483108 -2.603619 -2.061487 0
-1.415981 0.789312 1.547787 1
3.024448 -1.839998 -1.435359 0
-1.822315 -2.790705 2.691413 1
2.971809 -2.896584 -0.949383 0
3.422263 -2.225508 -1.271953 0
3.104281 -2.429592 -1.203207 0
2.301149 -2.279555 -1.243146 0
-1.644883 1.299508 2.346492 1
-1.572467 -2.287108 1.681275 1
3.228884 -2.205513 -2.648950 0
-2.380907 -2.204759 1.764278 1
-1.543623 1.448868 2.085393 1
-2.212340 1.723975 3.250907 1
-1.327785 -0.495402 2.155988 1
2.474370 -1.023344 -1.981984 0
-4.027434 -2.851418 1.876674 1
0.984179 0.644663 0.780017 0
-1.720319 1.193688 2.149008 1
2.492473 1.209548 -0.131981 0
-1.114891 0.808956 1.801023 1
3.573021 -2.505752 -2.403649 0
-2.541074 -0.071772 2.145008 1
2.480812 1.555178 1.061325 0
-2.300077 0.677404 2.760321 1
-2.055600 -2.851895 3.806751 1
-3.051913 1.854012 1.942760 1
-1.854322 1.679195 1.928987 1
2.866987 -1.751426 -2.539077 0
-1.556477 -2.957829 2.266575 1
2.738734 -3.804719 -1.625370 0
-2.532301 -2.893812 2.071863 1
-1.823345 1.169002 0.923780 1
-2.307930 -2.391785 2.141952 1
-1.224139 1.265376 1.666309 1
3.300089 -0.574665 -2.575420 0
4.110324 -0.629570 -2.040481 0
-2.012350 -4.018414 3.393069 1
-0.063284 0.612433 1.870922 1
-1.360977 0.649564 2.712838 1
-1.263474 0.423111 1.527572 1
2.902392 -2.511031 -2.032836 0
3.963624 -1.157577 -2.656919 0
-1.534986 -4.087698 3.124827 1
3.523655 -1.348215 -1.391737 0
-2.593597 1.913595 2.392534 1
-3.258141 -1.998401 1.791436 1
-2.340695 1.747785 0.955274 1
4.610852 -0.543433 -2.095495 0
-2.433605 1.991233 2.635064 1
3.031322 1.606148 -0.189127 0
-1.430020 -3.360570 1.605991 1
-2.948566 -2.053482 1.235020 1
-1.857585 -4.535545 2.964453 1
-2.206497 1.026296 1.695220 1
1.867584 2.345609 -1.504334 0
-2.023513 -0.888345 2.361965 1
2.102017 -2.593211 -1.756062 0
2.021714 1.776138 0.514652 0
-2.890451 -3.827499 1.963604 1
2.796915 -1.484080 -2.029186 0
-3.181586 -3.177532 2.318327 1
0.322087 -3.138366 -0.489104 0
-3.207995 -3.172939 1.978051 1
-1.273580 -0.241237 1.257061 1
-1.273069 -3.567283 2.120402 1
3.570047 -1.730877 -3.109629 0
1.517012 0.710408 1.283830 0
-2.008860 3.235794 2.102493 1
2.406637 1.587901 -0.163622 0
-1.227851 0.746782 2.262347 1
2.566092 -1.539124 -1.500752 0
-1.874323 0.916225 3.405611 1
-1.188919 -2.615541 1.820929 1
-1.220636 0.422096 2.367258 1
2.924094 1.809780 -0.624035 0
3.823009 0.073992 -1.210459 0
2.731272 1.609458 0.568681 0
-0.816985 0.710569 2.502541 1
1.389578 2.598683 0.199052 0
4.036176 -1.006286 -1.335575 0
-2.377152 -3.908856 1.622579 1
-0.522994 -0.724072 2.186229 1
-1.361090 -3.851168 1.169874 1
3.087502 -1.569771 -1.809712 0
3.005128 -1.716284 -1.311569 0
-1.421906 -3.735460 3.331622 1
-2.296163 3.738972 0.860924 1
-1.533072 -2.898417 2.079137 1
-1.753285 -3.144903 3.041922 1
3.389943 -2.096895 -2.579828 0
-1.106913 -3.947589 4.515485 1
-2.636281 1.965980 3.435783 1
-0.368192 0.000016 3.280581 1
2.521854 1.472058 -0.450706 0
-1.067175 1.211332 3.038405 1
-0.803872 1.143833 2.542481 1
-1.511270 -0.363835 2.109682 1
-1.666570 -3.148392 2.391917 1
3.647138 -1.852324 -1.988550 0
-0.291561 0.991952 1.808072 1
-1.624540 1.087152 0.546163 1
-1.842526 2.268827 2.933465 1
3.004435 -2.247761 -0.982212 0
-1.261726 1.027080 4.593975 1
3.245178 -2.868966 -1.836463 0
-1.602270 -3.790526 2.662919 1
3.748428 -1.475579 -1.416216 0
-2.206821 -3.004712 2.669959 1
-1.996609 -3.600773 2.686757 1
-3.090362 1.522164 1.863872 1
-0.879929 -0.448154 2.149127 1
0.922779 1.694280 0.191141 0
2.344326 -2.215188 -0.828341 0
-1.250472 0.879394 1.538341 1
-0.963747 0.107927 2.276415 1
-1.817528 1.028351 2.582412 1
1.849160 -2.626141 -0.364845 0
2.635116 -2.167569 -1.025234 0
3.188935 -2.504013 -0.503600 0
3.368367 -1.105462 -1.495429 0
2.250696 -3.245068 -0.562968 0
2.157390 -1.431541 -0.884339 0
2.708326 3.067158 -0.672168 0
-1.100667 -3.040254 2.774277 1
-2.610198 1.232497 3.269816 1
2.182431 1.450559 0.831493 0
2.389488 -2.233889 -1.776287 0
-1.173567 0.760633 1.936761 1
-2.243341 -2.751502 2.051856 1
-1.042825 0.593050 2.609366 1
-0.868144 0.187100 1.674199 1
2.551187 -0.365362 1.133974 0
-2.493395 1.920701 0.953375 1
-1.662571 1.171003 3.620041 1
-1.627080 -2.581449 2.857666 1
-1.971460 -3.975945 1.656155 1
-1.802448 1.175323 1.644375 1
-1.461997 0.847782 2.327731 1
2.625013 -2.564368 -1.601017 0
3.026113 0.609597 0.755721 0
-0.724034 0.577640 2.096352 1
3.772461 -2.722930 -1.895172 0
2.754503 1.046200 0.091096 0
1.958286 -3.467254 -0.429693 0
-2.929625 2.964894 2.366622 1
-0.800249 -0.556092 2.044078 1
-1.761442 0.324315 2.407676 1
-2.193500 -2.965755 2.153823 1
-1.386621 -2.640791 0.318902 1
-1.042349 -2.963101 2.508722 1
-0.465534 0.150052 3.114543 1
2.982011 2.018610 1.327050 0
-0.941604 -2.171667 2.175461 1
-1.269349 -2.264949 1.999102 1
2.132001 -2.589197 -1.387198 0
-3.573909 -2.872917 1.356016 1
-1.393905 1.039651 1.165232 1
2.472248 -0.093292 -0.479795 0
-1.161298 0.475931 2.402852 1
4.341693 -1.804615 -3.244786 0
-1.595934 -4.170120 3.220221 1
0.732241 -0.135943 0.872652 0
-1.345077 1.272750 2.084361 1
-3.110823 -2.175207 1.389654 1
4.388332 -2.424532 -2.817362 0
-1.249326 0.800250 2.728847 1
-2.236858 1.467294 2.864901 1
-1.310664 0.246676 3.232419 1
-0.441349 -3.396250 4.016518 1
-1.984316 1.045912 1.933620 1
-2.196203 1.975251 2.332107 1
1.672339 1.424816 2.393764 1
2.241506 -0.736691 -0.114583 0
-2.859203 1.798821 1.566224 1
-1.986941 -3.429470 2.272271 1
2.783839 -1.606481 -1.341291 0
2.818778 -2.499574 -1.467610 0
2.331284 -3.583815 -1.163030 0
-1.258113 1.127853 2.146314 1
-1.995241 2.394559 3.457621 1
-2.190996 1.712076 3.941111 1
-0.946915 2.803503 3.745877 1
-4.021067 -1.503198 1.004617 1
-0.925119 1.153220 2.551529 1
3.940936 -0.950608 -1.987066 0
-0.736780 0.155133 3.380329 1
-1.485354 -3.115026 2.959352 1
-1.800949 0.229886 1.681441 1
-0.291056 1.218742 3.442531 1
-1.486505 2.137016 2.041287 1
-0.744540 -0.977425 2.097715 1
-1.415465 -2.669796 2.031022 1
-3.006535 -2.908553 1.756549 1
-0.912824 0.882029 1.775816 1
-2.426229 1.118246 3.001258 1
-1.126835 1.120375 1.990538 1
3.784387 2.082649 0.408420 0
-0.895474 -0.279948 2.499449 1
-1.836996 -2.442732 3.765516 1
-1.071992 0.500324 2.349994 1
-1.051681 1.366475 1.734825 1
-1.897197 1.059850 0.749031 1
-1.011777 0.023820 2.317224 1
1.756036 -2.898595 -0.728064 0
3.043771 -0.741788 -0.768467 0
-1.560559 1.318274 2.976431 1
3.010268 -2.160062 -1.249596 0
-1.276649 0.428345 3.291880 1
2.832414 -0.852204 -0.086996 0
3.344214 -2.084475 -1.119337 0
1.994247 -2.848437 -1.619987 0
3.253582 1.636303 0.320569 0
2.573609 -2.352180 -1.452079 0
-1.310291 -3.284833 2.806463 1
2.284701 -2.516592 -0.993946 0
3.315847 -2.835634 -1.395610 0
-1.377721 0.929583 1.095861 1
3.834831 -1.413307 -1.990310 0
2.873169 -2.210924 -0.794869 0
-2.509748 1.838757 2.939589 1
-0.858602 -0.169851 2.981860 1
-1.685164 2.316886 2.880575 1
-2.055978 -2.951422 2.175980 1
3.656849 -2.400905 -1.243195 0
-0.967783 -2.948978 1.223001 1
2.319653 -2.210614 -0.457662 0
-1.781959 -2.583986 1.798400 1
-0.948687 -0.001857 1.903793 1
4.513247 -1.660983 -2.894164 0
-1.114612 -2.287515 3.112179 1
2.456964 1.468000 -0.238437 0
3.209836 -0.905188 -1.996300 0
-1.140526 -0.055315 2.785463 1
5.091163 -0.410854 -1.917786 0
-1.163917 -3.640080 2.088127 1
-1.299220 -2.983557 2.482786 1
-0.976320 0.509316 2.801148 1
-0.767190 0.603350 2.283950 1
3.884302 -1.839352 -1.536552 0
-0.591516 0.740417 0.645005 1
3.795688 -1.134960 -2.227477 0
2.851173 1.313349 0.704322 0
-0.361919 -0.079289 1.808668 1
-0.917909 -0.433440 2.404889 1
2.745732 -1.637110 -1.492430 0
-1.424084 1.831959 2.573945 1
1.201310 3.570200 0.224032 0
-1.146647 0.846245 0.775425 1
3.283681 -4.015633 -1.831637 0
-1.529268 1.441806 3.869502 1
1.314552 2.681401 -0.359400 0
-1.758897 -2.964367 2.278258 1
-1.299654 1.469568 2.964051 1
2.780682 1.890512 1.004721 0
4.057247 -1.974090 -2.830166 0
2.435752 -2.426975 -0.077564 0
2.913831 2.826608 0.190719 0
-1.136075 -2.179524 1.937693 1
-1.406796 -4.483118 3.115576 1
4.646060 -0.508773 -2.118238 0
1.749491 1.596883 1.338267 0
2.845097 2.345983 1.497304 0
-2.111917 0.995062 1.160384 1
2.070245 2.212698 -0.733323 0
-1.119702 0.589804 3.471020 1
-1.564147 0.655752 2.480406 1
3.114621 -2.061508 -2.161751 0
-0.824042 0.344798 1.179080 1
2.753722 -2.562964 -2.114376 0
2.945992 0.922462 0.253806 0
3.248846 -2.619325 -1.060139 0
-2.055943 1.212237 1.850575 1
2.740177 -0.921290 -1.424588 0
-1.562818 0.645161 1.781789 1
2.386413 -3.089732 -1.277974 0
-0.347070 0.397612 2.615760 1
-1.475799 -4.179582 2.053405 1
-2.342902 2.710926 3.590786 1
-1.905977 1.829573 2.426110 1
-0.161871 -0.451041 1.963783 1
2.926240 2.957397 1.174717 0
-1.116718 1.693478 1.462370 1
-0.817958 1.068889 2.441045 1
-3.367913 -3.395353 1.731040 1
-2.224834 1.511599 2.698900 1
2.698368 -3.678340 -2.558172 0
-1.963217 -3.152958 2.445722 1
-1.935555 -3.414516 2.859283 1
-0.460878 1.427165 2.129564 1
-2.161818 1.131145 3.171921 1
-3.324546 -3.067199 3.316763 1
2.904457 1.859526 0.806498 0
1.428721 1.013926 0.432831 0
-2.652090 2.259349 2.512895 1
-1.103115 0.649132 2.369713 1
2.637852 -1.657684 -0.538247 0
-1.585287 2.621388 2.764461 1
-0.426358 0.409748 2.659478 1
3.524182 -2.110926 -2.074801 0
-1.286150 -4.097754 3.272871 1
-0.816088 -0.254886 1.531593 1
-2.480232 0.828600 2.667970 1
3.354525 1.398405 -0.194321 0
-1.692981 -4.478485 1.245675 1
-2.486772 -3.076568 2.318502 1
-2.652589 -3.301015 2.311767 1
3.022035 1.023955 -0.036555 0
-1.202213 -3.807165 3.981439 1
-2.114258 1.583187 1.648848 1
2.915602 -1.849937 -1.855725 0
1.674182 -3.500574 -1.000780 0
-2.188456 1.779306 1.005299 1
-1.818068 1.656891 2.440062 1
-1.804537 0.096521 2.764302 1
-3.114885 -2.567992 0.947700 1
-1.718520 1.525781 1.892272 1
-1.208331 0.361478 2.290771 1
-2.246066 1.158413 1.906302 1
-2.848658 2.234545 1.430512 1
3.717520 -2.966810 -1.560460 0
3.099304 1.219421 1.821646 0
-1.392209 -2.483316 2.390792 1
-1.697139 0.473029 1.565217 1
4.137679 -1.509664 -1.258118 0
-1.599414 0.329606 2.689515 1
3.657786 -0.724041 -0.540096 0
-1.408786 1.339490 3.412534 1
-1.769439 1.036611 3.252205 1
3.906066 -1.524075 -1.650206 0
2.519980 -2.448122 -1.252044 0
2.803008 -1.887659 -1.474138 0
-2.335697 1.869775 1.284782 1
3.381209 -1.726904 -1.292039 0
-1.101000 0.287858 3.254048 1
-2.328343 -2.161142 2.258679 1
-0.648750 0.090727 1.936923 1
-0.909143 -0.559784 2.744342 1
-1.369772 1.286563 1.718944 1
-2.190784 -3.663267 2.242030 1
-1.578021 1.264868 2.448354 1
4.070644 -2.899928 -2.437317 0
2.248314 -2.318006 -1.468883 0
-1.652731 1.229328 1.321549 1
3.243446 -0.817399 -1.246163 0
-1.645242 -3.283067 2.717042 1
2.556212 1.631363 1.094040 0
1.611703 1.005134 0.829877 0
-0.229417 -0.725871 2.393261 1
1.612083 1.924057 -0.595047 0
2.888413 2.821513 0.167347 0
-0.881498 0.998843 2.700394 1
2.270326 -3.115574 -0.932397 0
-0.969954 -2.940162 2.252565 1
0.713837 -0.221484 1.925189 1
-2.373391 -3.473984 2.374426 1
3.876065 -0.022693 -1.519541 0
-1.644299 -2.575997 2.417943 1
2.159301 2.115748 -0.734607 0
3.250987 -2.781170 -1.363399 0
-1.139693 0.021787 2.885546 1
2.297137 -1.874505 -1.012101 0
-1.981108 1.355192 0.808339 1
2.473048 1.808314 1.014757 0
2.915742 2.494135 -0.727517 0
0.000827 -0.466294 1.635576 1
-3.099996 3.507199 1.581352 1
-1.144242 0.523311 3.098400 1
2.932745 2.531745 -1.252979 0
-2.454603 -3.406840 2.424023 1
4.496154 1.551607 -0.913726 0
3.130548 -2.137499 -1.378806 0
-3.227505 2.212243 2.351923 1
-2.581113 -3.564932 1.865080 1
-1.103184 1.441708 1.792589 1
-1.859915 0.334573 1.731426 1
-1.922537 1.455773 2.257260 1
3.122424 -1.684249 -0.614079 0
1.331683 -3.503615 -0.568075 0
4.066979 -2.527173 -2.850051 0
3.073770 3.034717 0.085075 0
-3.147341 -2.163991 1.329785 1
-1.084733 -2.699937 1.833799 1
3.252956 -2.123674 -1.894185 0
-3.396466 -3.099211 1.386613 1
1.996441 1.769938 0.217757 0
-1.828423 0.346659 2.954956 1
-0.796990 -3.465750 2.481950 1
4.196119 -1.412757 -2.509963 0
0.862525 2.182867 0.761906 0
2.900775 -1.874266 -1.653013 0
-1.916916 -5.161585 1.743098 1
2.761772 -1.953692 -1.214965 0
1.564214 1.682913 0.324878 0
-1.680671 1.019747 0.995983 1
-0.962462 -0.146335 1.159356 1
3.225697 -2.735978 -1.630592 0
-1.184422 -5.093978 3.189455 1
-1.834443 1.426017 3.079361 1
2.281316 -2.916965 -2.323401 0
1.698161 1.120810 0.557431 0
-1.746862 0.443728 2.827631 1
1.788145 -2.324344 -0.250967 0
1.621941 1.303313 0.230267 0
3.286722 -0.606716 -1.035172 0
3.408748 2.296728 0.143653 0
-1.816524 1.196336 2.107068 1
-2.413935 1.678956 2.874399 1
2.628446 3.533845 1.591432 0
-1.186059 -3.218561 2.920552 1
3.682369 -2.368839 -1.676591 0
-0.896169 -4.208834 3.630613 1
-0.444580 -3.496206 1.283440 1
-1.411830 1.684916 2.898206 1
-1.010833 -3.880026 2.222279 1
1.421502 2.205290 0.356075 0
-3.329336 3.141489 3.317104 1
-2.151584 -3.366496 1.736709 1
-2.079528 1.635372 2.088082 1
-2.955429 -1.698857 1.509464 1
-4.027967 -2.092574 -0.267161 1
4.223456 -0.851508 -1.662541 0
2.083399 1.873909 -0.582980 0
3.994963 -1.717304 -2.124016 0
-1.224538 -3.963576 0.823879 1
-2.975675 -2.435586 0.963046 1
-2.141840 -4.425889 3.184572 1
-1.666996 -4.408473 3.267696 1
-0.982694 1.596594 2.067542 1
3.599128 -0.353607 -0.959219 0
-1.845938 0.462536 3.230557 1
-1.484941 0.302480 2.689846 1
0.023524 0.743901 2.222219 1
-0.892070 -5.018531 4.027322 1
2.889525 2.298241 1.283325 0
-2.012853 1.970278 2.110355 1
-1.501372 1.719429 1.377320 1
-2.264396 2.060746 1.577596 1
-0.196909 0.288812 1.077744 1
4.330199 -2.033013 -1.512468 0
-1.680574 0.973627 3.486247 1
2.557465 1.681285 -0.575434 0
-1.836351 0.513533 2.724208 1
4.312445 -0.868749 -2.243680 0
-0.833448 0.168337 0.552636 1
4.572642 -1.469498 -2.086836 0
-1.009640 0.460997 3.162943 1
2.889197 1.478976 0.567865 0
-2.273481 1.415639 1.508849 1
-1.383762 0.363906 1.933899 1
2.755688 -2.211560 -1.131213 0
-0.530518 0.962984 2.006816 1
-1.413511 -3.320321 2.441888 1
1.501653 1.852651 0.926391 0
2.904148 -1.856592 -1.663945 0
-2.325654 -3.710427 3.398014 1
1.603142 2.206617 0.540931 0
-2.556461 1.971759 1.815980 1
-2.253423 1.297193 3.512122 1
3.551184 -1.957584 -2.051413 0
3.533129 -2.205464 -1.571062 0
2.447316 2.289412 1.177263 0
-2.309111 1.418065 2.646034 1
-2.787871 1.029188 2.812592 1
2.590359 -2.868701 -1.677345 0
2.613394 -2.618978 -1.026406 0
-2.562195 -3.228155 1.777544 1
2.318905 -0.125121 -0.491943 0
-0.996998 1.108584 1.940362 1
-1.850621 1.531601 2.090792 1
-1.449151 -0.323050 1.342497 1
-1.045670 -2.142555 1.735719 1
-0.804874 -0.531316 3.186755 1
2.918814 -2.780683 -1.993181 0
-1.745819 1.039719 2.576566 1
-1.264779 1.684468 3.031031 1
-0.448015 -3.307311 3.207416 1
1.800412 -3.113298 0.867762 0
-1.274998 0.510490 1.460539 1
3.377166 -1.333718 -1.375128 0
2.467671 1.510021 -0.163957 0
-1.820135 0.919916 3.143526 1
-2.943439 -2.181831 1.028851 1
-0.467129 0.275023 1.800663 1
-1.780233 -3.565346 2.537867 1
2.966087 0.522374 -0.186079 0
3.115839 -1.707469 -2.258411 0
-0.727261 -0.190223 2.519504 1
1.528680 -3.370407 -0.798670 0
2.503549 1.727594 0.316159 0
2.516554 -1.888026 -1.178605 0
-1.562004 -3.875645 3.123848 1
-1.712144 -2.683903 3.507833 1
-2.435356 1.849139 2.332660 1
-2.202150 -1.970467 2.106740 1
2.532712 -0.043689 -1.937469 0
-2.851689 -3.511339 2.524823 1
0.294923 -0.812882 2.634874 1
-0.499468 0.679211 2.300638 1
-1.326985 1.026484 1.729268 1
1.495428 2.555970 1.367017 0
2.709597 -2.040911 -2.371936 0
-0.631849 0.180554 2.134403 1
-2.333471 -3.026840 2.449368 1
-2.410223 -4.151157 2.318755 1
-3.230719 2.801998 2.661262 1
-2.788876 2.672383 2.521911 1
2.024227 1.295091 1.355531 0
-1.405194 0.919525 1.867155 1
-1.262991 -2.232313 1.937307 1
-2.807661 -2.983127 2.038974 1
-0.842658 1.128617 2.785323 1
3.718003 -1.748760 -1.900190 0
3.175489 1.554120 -0.214780 0
-0.814225 0.234887 1.030410 1
-1.878078 1.142415 1.502241 1
1.275861 3.540280 1.108459 0
-2.136350 1.217204 3.151934 1
-2.626526 -5.193453 2.231443 1
0.754633 2.333707 1.013458 1
2.274314 -2.635882 -1.712458 0
-1.725036 -3.561845 1.983913 1
3.735668 1.472291 -0.006140 0
-0.720449 0.510623 2.236515 1
3.059579 1.815969 -1.223868 0
2.977778 -2.575261 -0.591692 0
-1.904960 1.433823 3.115238 1
-2.383678 1.526254 2.462519 1
-2.043725 1.436495 1.465279 1
3.951986 -0.920722 -2.261694 0
2.734963 -2.811184 -1.357910 0
-1.486503 -2.879386 2.460341 1
-2.293526 -3.997326 3.242195 1
-2.008377 -0.105265 2.325194 1
-2.177911 -2.364723 2.102619 1
3.184652 -1.849175 -1.686516 0
-2.229979 -2.891891 1.927624 1
3.622193 -1.817218 -1.992916 0
-1.508071 0.634801 2.848909 1
-2.072003 2.004820 3.363639 1
-1.278903 1.306288 1.932424 1
-0.194860 -0.223237 2.159428 1
-0.687810 0.047057 3.050606 1
-2.234155 2.496727 2.351829 1
-2.258805 1.085117 2.088281 1
1.766146 2.760407 -0.072439 0
1.617810 -3.276301 -0.785423 0
-1.434976 0.075068 1.613803 1
0.960376 1.359577 -0.056538 0
-2.480271 3.128220 3.149213 1
-1.051469 -2.166428 0.799386 1
2.421325 -2.570189 -1.525353 0
-2.064462 -3.474981 0.312467 1
-0.291429 -1.251057 1.950347 1
-1.408870 1.132836 2.720488 1
0.652119 -7.219680 5.708553 1
3.038119 1.981890 -0.777334 0
-0.945277 0.472209 1.417987 1
-2.731963 -3.010869 2.003196 1
-2.456191 -3.149342 1.956667 1
-0.454509 -0.045831 3.135126 1
-1.999563 2.370394 3.396543 1
2.207484 1.800394 -0.691376 0
-0.946186 0.662692 3.625961 1
-0.824427 0.042233 2.343531 1
-1.934082 0.621527 3.720873 1
3.783048 -0.605637 -0.949465 0
1.502401 -1.585087 -1.298290 0
1.537895 3.527402 0.938024 0
-1.987391 -2.626709 2.582949 1
-2.162369 -2.779817 1.699260 1
2.325274 0.777928 0.041842 0
-1.928071 -0.134661 2.123875 1
-1.181368 -0.001739 1.056232 1
-2.023261 1.693430 3.001738 1
-0.361555 0.468444 3.149527 1
-0.109473 0.510853 2.290339 1
1.709437 -4.044988 -1.987402 0
-2.169969 -3.798295 2.969736 1
-0.691933 0.070295 3.433806 1
-1.650907 0.232460 3.140176 1
-2.030926 -3.448238 3.097616 1
1.987555 -2.956019 0.411840 0
3.125882 2.032975 0.452004 0
-1.961573 -3.269504 2.141636 1
1.566417 0.895869 0.712132 0
-2.836600 -1.780889 1.916109 1
-1.306444 -2.125368 3.154280 1
2.345731 2.285182 -0.050462 0
-1.947399 1.140184 2.428739 1
-2.012952 -3.433107 2.579560 1
2.776455 -2.086685 -1.585185 0
5.317139 0.121525 -2.095631 0
-0.812860 0.847520 1.242122 1
-0.766440 -4.654627 3.073676 1
-0.900051 1.147856 2.770027 1
-2.970756 -2.441304 1.787994 1
1.445661 -2.417569 -0.362120 0
-0.706725 -2.141838 3.458150 1
1.812350 2.271535 1.001752 0
3.367853 -2.266057 -1.464567 0
2.398687 -1.079446 -0.820483 0
-2.928784 -4.614948 2.617531 1
-2.302211 1.902570 1.830673 1
-2.443088 1.182587 2.566108 1
3.471180 -0.841098 -1.800258 0
-1.760182 1.900273 1.547196 1
-2.242321 1.841715 3.067173 1
2.681227 -3.120175 -0.908237 0
3.482267 1.388403 0.470352 0
-0.211667 1.183252 2.562746 1
-0.559664 0.467293 2.442143 1
1.993056 3.259099 0.487541 0
-2.044846 -2.670395 1.964563 1
2.883041 -0.422579 -0.915739 0
-3.062753 1.653290 2.340076 1
-2.134889 1.574472 3.825573 1
-2.231085 -2.595313 2.246751 1
3.079243 2.467649 -1.051212 0
3.369031 -3.033294 -2.670413 0
3.359683 -1.958544 -1.720837 0
-1.950768 -4.203592 3.604657 1
2.881357 2.127580 0.028848 0
-3.370962 -3.030316 2.505225 1
-0.736136 0.181908 2.011352 1
-1.062284 1.143643 2.373500 1
-1.201229 0.636803 3.347793 1
-1.765726 2.081520 1.788942 1
-1.592671 1.134110 1.464802 1
2.004837 -2.145730 -0.570323 0
-0.256006 -0.026450 2.038388 1
-2.472006 1.849597 1.650334 1
-1.731260 -0.071974 2.312382 1
-1.470791 0.548958 1.169487 1
3.324809 -1.750972 -1.784591 0
-2.214179 -2.263036 1.893156 1
-3.588159 -2.154398 0.172091 1
2.772728 2.772216 -0.003346 0
2.152776 0.996517 -0.740465 0
-0.193023 -2.149024 2.128833 1
-2.460948 1.039643 2.425274 1
3.785143 1.257713 -0.646951 0
1.364778 0.995233 1.485266 0
1.020659 -3.025938 -0.722082 0
2.310710 1.817600 -0.015248 0
-0.581310 -1.767496 1.171426 1
1.881881 0.512788 0.616557 0
-2.051906 2.315998 2.533967 1
-1.596676 1.865432 2.894559 1
-1.435321 0.766830 2.736312 1
-1.174984 0.927175 1.943178 1
-1.677748 0.437725 1.559932 1
-1.775957 1.362303 3.660395 1
0.682269 -1.070931 3.398781 1
3.879380 -2.057153 -1.857436 0
-0.958582 1.109566 2.064129 1
2.932284 1.151023 0.134347 0
-3.430984 -2.187646 0.576484 1
-1.033353 1.942936 2.737964 1
-1.939362 1.304268 1.964931 1
-2.439357 1.930272 1.276675 1
3.873314 -2.376300 -1.900079 0
-1.871845 3.001907 2.176558 1
-0.329790 -0.456205 2.160567 1
-1.878118 1.517867 2.272546 1
3.141234 2.676585 0.822345 0
2.709754 1.376472 -0.516292 0
-2.259485 -4.460456 3.328615 1
-2.087153 -3.790635 3.320646 1
3.367615 -1.184357 -1.940984 0
-2.105081 1.097420 4.325173 1
-1.117978 1.147745 2.491994 1
-1.909121 1.081561 2.428455 1
2.816537 -2.459785 -1.194482 0
2.119936 -1.982654 -0.636797 0
2.552794 0.574411 1.306937 0
-1.158991 -4.022632 3.448170 1
-1.001590 -3.362526 1.497197 1
-1.767747 1.533526 3.187915 1
-2.416783 -4.406664 1.451600 1
-3.364328 -1.964339 1.417477 1
-2.487318 -5.387639 2.067138 1
-4.837005 -1.702440 0.618157 1
2.166215 -2.981903 -0.839450 0
-0.102181 2.213054 0.793532 1
3.121199 -1.960519 -2.700482 0
-2.644284 2.342487 1.760799 1
-0.857074 -3.132782 1.825330 1
-2.757843 1.784457 2.937253 1
-2.617649 2.811740 3.506305 1
-2.434856 0.903746 3.011492 1
-0.821050 0.820589 3.093980 1
2.258671 1.943896 0.441437 0
3.267025 -1.388119 -2.241476 0
2.405115 1.465896 -0.277548 0
-1.961922 -3.017223 3.082310 1
-0.775998 1.389859 2.654878 1
-1.246966 0.894047 2.226965 1
4.351910 -0.925375 -2.305582 0
-1.156196 1.505287 1.289860 1
-1.663747 1.022279 2.733412 1
-1.429383 1.382419 2.786858 1
-2.086108 1.004516 2.402091 1
2.412587 1.496838 0.943072 0
-2.212953 0.924866 0.800115 1
-2.214904 0.193544 2.018061 1
-1.522914 0.191516 2.551898 1
4.142866 -0.984392 -1.651296 0
2.032822 -2.196728 -1.886151 0
-1.993114 0.992872 2.999501 1
3.519311 -0.773020 -1.673859 0
-1.534366 -0.161688 1.928367 1
-1.747225 -2.276711 2.185051 1
-2.862914 -3.628400 1.540683 1
-2.288629 -3.925282 2.557884 1
-1.064565 0.165074 2.024432 1
3.417818 -2.266805 -1.193088 0
1.579348 3.443963 -0.059566 0
-2.884586 3.317515 3.272703 1
-1.420760 -2.146181 3.104529 1
1.270367 1.482344 1.376276 0
0.903720 3.403543 1.050204 1
-1.279704 -0.177683 2.550853 1
3.209525 -0.885162 -1.421308 0
-1.493276 1.797977 3.549920 1
2.743405 -2.014604 -2.667829 0
2.305463 2.948355 0.085453 0
-1.745833 -4.862994 3.437803 1
2.117304 3.221908 -0.275396 0
-0.976600 -0.255230 0.941128 1
-1.654647 0.729410 1.775209 1
-2.689050 2.362513 2.175779 1
-2.267655 -4.374572 2.080558 1
-2.115596 3.122217 3.310502 1
3.080462 -2.360066 -2.080360 0
-1.029257 -3.241130 0.612676 1
-2.355408 0.227019 2.182345 1
-2.549045 1.196690 2.491136 1
-1.848543 -3.844806 3.162947 1
3.205917 -0.536208 -0.951393 0
-1.771808 0.998136 2.377053 1
-2.046954 1.376454 2.650171 1
3.044510 -1.835046 -1.753257 0
3.077476 -1.317465 -1.758884 0
-1.429502 1.368096 1.978855 1
-2.233854 -3.100960 2.104075 1
-0.251888 0.477584 2.104257 1
-2.436765 1.067587 2.956685 1
0.798272 -3.770613 0.016887 0
-0.402294 -0.316521 3.768989 1
-0.636278 0.399345 1.334212 1
-0.968782 1.469814 1.352234 1
3.615841 -2.606185 -1.584313 0
3.296801 -1.791347 -1.481702 0
-2.896508 2.423125 2.380375 1
-0.876601 0.316903 3.126435 1
-0.495092 1.152873 3.374840 1
-2.353712 -3.484331 2.481012 1
-2.767143 -3.924191 2.449461 1
3.112631 3.551117 -0.025825 0
-1.527702 0.364887 2.685680 1
-0.483820 0.437015 3.343123 1
-2.104994 1.488653 2.628271 1
1.329566 1.841401 1.293117 0
-0.983065 -2.915198 1.773430 1
2.606836 -3.111986 -1.454297 0
-2.469071 -2.203111 2.323244 1
3.831395 -1.751137 -2.755303 0
-1.212205 -2.799111 2.020318 1
3.640982 -1.855774 -2.382329 0
-1.779040 2.476741 2.634233 1
3.211639 1.343507 -0.207817 0
2.376720 -1.398280 -1.609893 0
0.079914 -0.641335 0.786645 1
1.148875 1.037916 0.699020 0
-2.518986 -3.347964 1.335286 1
-0.647976 1.210645 1.902070 1
-1.599037 2.215802 3.326565 1
-1.915339 -2.591794 1.959493 1
3.459666 1.820292 1.535227 0
-1.446674 1.496570 3.398199 1
3.001704 -1.849151 -1.066247 0
2.423083 -2.487933 -1.302943 0
4.680979 -2.616129 -2.098831 0
-2.528167 1.982146 0.274609 1
-3.481556 -1.431087 1.158664 1
1.369716 -3.178602 -0.546405 0
4.204084 -0.910972 -2.065804 0
-1.780354 1.604436 2.251734 1
2.599710 0.356444 0.192045 0
-2.033021 0.662361 0.262661 1
-0.777142 1.427533 1.340208 1
-2.532824 2.535912 1.523767 1
-0.998843 0.450348 1.804147 1
2.447463 -3.725130 -2.376809 0
-1.800286 1.119084 2.207606 1
2.136507 -2.608315 -1.363497 0
-4.140709 0.219398 0.196063 1
3.617554 -1.636970 -2.117199 0
-1.045448 1.670449 2.432545 1
-1.197060 0.017207 2.435630 1
-2.309406 2.079889 2.863968 1
3.344587 -1.117889 -1.444847 0
2.822516 -2.448132 -0.828502 0
-1.671679 0.703685 2.902854 1
2.659466 -2.711708 -1.259600 0
-0.829218 1.655670 2.157719 1
-1.942200 -2.844977 0.401384 1
2.716738 2.625480 -0.037257 0
-2.254601 0.746433 2.268815 1
1.785947 3.497769 -0.195228 0
-0.274665 0.899945 2.041137 1
-2.677120 -3.203993 2.282673 1
-1.594347 1.270858 1.310029 1
-1.153882 1.117148 1.403660 1
-0.831125 1.179326 1.938604 1
1.581010 2.526037 1.490445 0
3.570359 -1.729264 -1.662827 0
-1.096541 -3.933050 1.178493 1
2.364078 1.720889 0.030147 0
3.365799 -2.172185 -1.723794 0
3.249137 -2.062408 -1.076293 0
1.541773 -2.644858 -0.498781 0
-0.864133 0.333461 2.934260 1
-3.092725 -2.786279 1.588132 1
-2.677247 -3.736108 2.754402 1
1.819143 2.718118 0.584830 0
-0.959689 0.732458 1.989937 1
3.589461 0.472436 1.323685 0
-1.403500 -0.128469 2.243594 1
1.987760 1.671071 0.439107 0
3.241626 -2.289591 -1.946843 0
-1.853060 2.818039 1.153487 1
-2.050538 1.969619 2.542208 1
-1.554057 -3.438542 2.467807 1
2.654132 -2.227688 -1.320445 0
0.388725 -0.317646 2.428197 1
-0.930785 -2.221777 2.511777 1
4.057198 -1.238932 -1.907201 0
1.477878 2.765268 0.562315 0
3.960012 0.270877 0.210351 0
-0.678357 -2.622927 4.182040 1
3.174297 -3.046759 -2.040720 0
-2.091552 2.105308 2.240600 1
-1.581960 1.158834 1.039205 1
-0.721599 -0.135999 1.298656 1
-0.875997 0.434136 2.615809 1
-3.929465 2.804697 1.892360 1
3.128934 -2.787393 -1.349793 0
-1.022208 -1.512057 1.721468 1
-2.358730 -3.570556 2.547606 1
-2.262372 1.682716 2.482378 1
2.842968 -1.909776 -1.648637 0
3.729070 -0.306968 -1.612003 0
-3.285927 1.342378 2.759809 1
3.998885 -2.439454 -2.142222 0
-1.938203 1.492474 2.020368 1
1.932783 -1.843305 -1.452916 0
2.234007 -2.027545 -0.798583 0
2.750031 3.026254 0.649142 0
2.718807 -1.154221 -1.046650 0
2.324723 -1.968668 -1.733787 0
2.677659 1.752811 -0.065009 0
1.982026 -3.672572 -0.214344 0
2.085321 -3.236484 -1.063804 0
1.654523 3.135123 -0.210930 0
2.490057 -2.124180 -1.366910 0
3.477199 -2.152204 -2.173455 0
2.166976 2.688678 0.564035 0
-2.679256 2.316526 0.602416 1
-1.540632 1.159105 1.847975 1
-2.425906 0.577090 1.894726 1
-0.212713 1.173718 2.216567 1
-2.607267 1.985746 3.067550 1
-1.910329 0.596815 2.624835 1
-0.267333 0.135339 1.985966 1
-1.427958 -4.170899 1.879208 1
-0.208844 -0.060412 2.096845 1
-1.177464 1.159573 0.847908 1
-1.522263 -2.792498 2.537193 1
1.514988 -4.789828 -0.378054 0
2.290193 1.831827 -0.009841 0
-2.231747 1.307781 3.502343 1
-1.984869 0.996146 3.109354 1
2.799558 1.704754 0.166657 0
-2.209862 2.255322 1.819702 1
-1.981962 0.868978 3.397756 1
2.640255 -2.181805 -1.497422 0
-1.704355 -3.898933 2.219787 1
-1.967972 -3.665984 2.725902 1
1.963000 0.453701 -0.331250 0
2.820647 -2.551220 -1.648387 0
-1.247346 -1.789512 2.544506 1
-0.392445 1.855287 2.766692 1
-1.635668 1.163572 1.643149 1
-1.219045 0.632141 1.214455 1
3.083084 -1.547985 -1.253186 0
-1.212195 0.486911 1.839929 1
2.199893 0.625572 0.260518 0
-1.518020 -3.123091 2.621746 1
-1.333513 0.831941 2.200650 1
-1.292542 0.161334 1.501468 1
-0.866831 0.796981 2.256797 1
-2.299319 1.477930 1.687638 1
-1.366782 2.188642 2.729555 1
-0.940630 0.583548 1.636663 1
-2.182250 -3.725892 1.819399 1
2.578568 -2.336854 -0.749077 0
1.564112 -3.457029 -0.477938 0
-1.107346 -5.599941 2.049456 1
-2.064576 1.565202 1.757152 1
4.587136 -0.511704 -1.759889 0
3.765259 -1.232789 -1.275881 0
-2.462881 1.322374 2.134758 1
3.280072 -2.165334 -2.071488 0
2.735429 -2.494398 -1.093352 0
2.206354 -2.846779 -1.939757 0
-1.877303 1.257132 1.937694 1
2.786047 -1.192573 -0.678702 0
-2.318890 -2.718599 2.385549 1
-3.100169 -2.388934 1.374769 1
-0.961906 0.622776 1.996462 1
2.292755 1.865185 -0.742524 0
0.916883 -3.755632 0.094585 0
3.699131 1.849835 -0.143908 0
-1.466547 0.359992 2.431513 1
-0.734359 -3.093174 1.692860 1
-2.962036 1.467641 2.923719 1
-0.189891 0.224895 1.519014 1
-1.785410 -4.309291 2.092745 1
-2.779453 3.239276 3.001026 1
3.129753 -2.086987 -1.694791 0
-1.789331 -3.895345 2.642638 1
-1.363893 0.225668 3.131059 1
1.945620 2.302362 -0.005005 0
-1.552998 1.792014 2.579934 1
-1.307661 1.430908 1.819301 1
3.594235 -0.606315 -1.214281 0
-0.137631 -2.593880 0.688326 1
4.067867 -1.093810 -2.627344 0
-1.941306 1.544551 2.551564 1
-2.039719 1.320617 2.830608 1
-1.182670 0.713804 3.054973 1
-3.152340 -2.310492 0.903054 1
1.679444 1.378057 0.352442 0
-2.381037 -4.000175 1.768322 1
-1.651935 -3.078815 2.231325 1
-1.732649 0.912537 2.500216 1
2.825958 -2.609802 -0.393247 0
-2.094358 -1.855396 1.386104 1
2.692078 1.107161 -0.128912 0
2.268637 -2.777754 -1.371016 0
-1.719299 -3.955897 2.724539 1
-1.792535 0.321859 2.453174 1
3.160916 -2.005940 -2.088001 0
-1.404088 1.247424 2.911269 1
1.623403 1.565636 0.995860 0
-0.996540 1.745144 1.524940 1
-1.080600 -4.871039 3.311264 1
-1.880606 -3.539668 2.815134 1
1.961559 -2.908155 -1.151963 0
2.807819 -2.695937 -1.518701 0
2.006048 -2.394976 -1.449264 0
-1.852568 0.985325 2.610412 1
1.940927 -2.474954 -0.089025 0
-1.641592 0.604641 1.955892 1
-1.734685 -2.993707 1.576644 1
-1.216581 1.626489 2.804225 1
-1.845493 1.742030 1.344143 1
-1.796464 -3.711922 2.883713 1
3.378788 -1.780364 -1.470117 0
-2.163447 -2.314465 1.878836 1
1.774791 -2.648030 -0.370772 0
-1.938031 -3.969366 3.424602 1
3.407213 -0.925210 -1.449513 0
-1.561917 2.165028 1.922016 1
-2.003412 1.668995 1.808035 1
-1.694885 1.329109 2.380981 1
-2.571154 -3.718608 1.839410 1
-0.675300 -0.473684 3.093257 1
-1.976602 1.677177 1.847882 1
3.952651 -1.207921 -3.192374 0
0.471427 -0.814204 0.666145 1
-1.136076 1.672348 2.102501 1
2.659176 1.632736 1.113412 0
-1.654884 0.485442 2.610656 1
2.863793 -0.816070 -1.536236 0
2.459084 -1.542046 -1.026496 0
0.521667 -6.146074 4.653702 1
-3.183150 1.648924 1.903559 1
-0.303075 0.565281 1.918122 1
-1.827673 0.984518 2.090758 1
-0.762229 -0.072157 1.155383 1
3.369605 -0.703671 -1.280269 0
3.829747 -1.107675 -1.442593 0
-1.741703 0.450692 2.529331 1
2.487464 1.168757 -0.192660 0
-2.613202 1.710464 1.873959 1
-1.804076 1.291604 1.892879 1
2.740157 -1.834529 -2.236768 0
-2.290044 -2.497276 2.712509 1
2.527687 -0.911426 -0.745476 0
-2.377189 -4.917613 2.213415 1
5.004236 -0.854817 -2.060592 0
-1.471467 1.802201 1.950382 1
-0.709849 -0.141055 2.319506 1
-1.205010 0.633252 1.895899 1
1.382392 0.706767 0.385390 0
3.631974 -2.243031 -2.141745 0
-3.706765 2.933657 1.903669 1
3.334790 -2.432253 -2.830558 0
1.894448 -2.707983 -0.180002 0
-1.751482 0.443662 2.731579 1
-1.822215 1.571251 2.066975 1
-1.426728 1.109445 2.752677 1
-3.112577 -3.082654 1.748022 1
-2.560649 -4.096874 2.564879 1
-1.898753 0.626453 1.908031 1
-0.929523 0.907827 3.217383 1
4.493761 -1.556399 -2.643023 0
3.816417 -1.185286 -1.955769 0
-0.616095 -0.763486 1.620232 1
2.870411 -1.182932 -2.100366 0
-0.688557 0.363614 3.741773 1
3.892860 -0.591865 -2.237770 0
-1.667319 0.819014 2.290168 1
1.987163 -2.312621 -0.778899 0
-2.631794 -3.199391 1.680026 1
-1.289424 1.188764 3.514753 1
1.903705 -3.619617 -1.516049 0
-2.439630 -2.880024 2.049753 1
-0.810432 -0.129196 3.257978 1
-1.697036 1.260952 0.985397 1
-3.894795 -1.268446 0.191252 1
-1.150174 -3.091031 3.194420 1
3.145771 -0.796926 -1.524610 0
-1.990800 -2.797016 2.025557 1
-2.329758 -2.998591 4.393289 1
3.066786 -2.658377 -1.624057 0
3.652439 1.949489 -0.183019 0
2.658209 -3.186613 -2.012555 0
2.359144 -1.366708 -0.843793 0
2.199006 -3.193219 -0.943805 0
-1.071513 -2.500434 1.556381 1
3.152234 -0.310909 -1.755871 0
-1.025207 -3.449885 3.273979 1
-0.464664 0.770565 2.151761 1
3.541026 -1.168447 -2.103057 0
2.916627 -2.283503 -2.079964 0
-2.338850 -2.859699 1.678344 1
-1.033132 0.076341 1.625132 1
-1.651180 -1.647425 2.212906 1
3.058414 -2.387292 -1.207615 0
2.112473 1.911906 -0.181996 0
-0.113270 -1.967884 2.265791 1
2.734097 1.643877 0.017085 0
2.889992 -1.840507 -1.521250 0
2.839390 -2.083022 -1.256786 0
2.915071 -2.514079 -1.809110 0
2.061860 -3.119237 -0.887779 0
-0.683700 0.991052 1.711281 1
-3.167647 -2.351954 1.061877 1
3.178131 -1.960359 -2.085776 0