2.418602 -2.347177 -1.299363 1
1.171049 1.077610 0.403576 3
2.647340 1.997922 -0.320168 3
3.340493 -1.498435 -1.982152 3
-2.731001 -2.388746 1.621439 4
2.207486 1.216500 0.720106 3
-1.345197 -3.073246 2.534005 4
3.359649 -1.080547 -2.568320 3
-2.375169 1.698954 1.456069 0
-2.087809 3.616173 3.956785 0
2.832958 -1.109402 -1.950855 3
4.501642 -1.189457 -3.652970 3
-1.386261 -3.495516 1.900930 4
-1.243687 -3.318437 2.097735 4
-1.773255 1.127971 1.539653 0
2.996035 -0.944001 0.115431 3
-1.247658 1.281951 1.956536 0
-1.051386 -0.035928 2.349379 2
-1.423955 1.314810 2.028228 0
-2.047347 1.195659 3.421325 2
-1.357758 0.583542 2.431052 2
3.800795 -1.408722 -1.018099 3
-0.548424 -0.016310 3.122956 2
1.715507 2.234236 1.427480 0
-1.610259 -3.026908 2.601261 4
-2.332651 -3.865091 3.120353 4
-1.870642 1.770121 2.711631 0
1.594313 2.111066 -0.223081 3
-1.945358 -4.201445 2.655262 4
-2.125073 -2.745298 2.104353 4
-1.834053 -4.780329 1.277148 4
-1.147596 -3.517525 1.947027 4
-2.357265 0.554666 3.257551 2
-2.961692 -4.211537 2.854310 4
1.545345 1.177173 1.486113 0
-0.966828 -0.487091 1.441563 2
-1.012036 2.342777 1.321442 0
-2.609031 1.065230 2.584816 0
2.659641 2.688392 0.875261 3
-2.497292 2.150705 1.613996 0
-3.058834 2.820470 2.377992 0
3.586158 -1.883359 -2.013059 1
2.422245 -1.931817 -1.666156 1
1.311569 -2.477559 0.054788 1
-0.941711 -3.243743 2.687208 4
2.510665 -1.639332 -1.402425 1
-3.333692 2.398704 4.241903 0
-3.298437 -2.403473 1.043404 4
-0.057168 0.070572 1.118168 2
-3.864893 -2.675853 1.201134 4
-1.676986 1.718938 1.776262 0
-0.995491 -2.555940 2.674859 4
3.394249 2.183299 0.164280 3
1.919098 2.864092 1.477544 0
-2.348050 1.749466 3.021527 0
2.444716 -2.849232 -1.187573 1
-1.874646 0.852095 0.675636 0
3.193827 -0.431979 -2.140457 3
-1.951952 0.127355 1.370869 2
3.250281 -2.338349 -0.893109 1
-1.642602 0.973148 2.391075 0
2.671040 -1.808919 -1.490548 1
-1.485004 1.267873 2.156840 0
-2.018874 0.700246 2.153981 2
2.568101 1.454872 0.266856 3
3.818104 -1.585384 -1.817727 3
-3.124214 3.505236 1.709516 0
-1.372416 0.309074 2.282101 2
-2.334832 1.693224 2.272349 0
-1.179539 1.037285 2.500657 0
3.058739 -1.692568 -0.934053 1
-1.234114 0.413084 3.488884 2
2.781605 -2.759817 -1.320092 1
1.535098 -1.492852 0.583585 1
-1.535891 1.537878 1.645750 0
3.493135 -1.123596 -1.339148 3
1.015526 -2.961547 -0.779958 1
-2.024507 -3.410445 1.983793 4
2.986679 -2.047130 -2.053737 1
-1.108804 1.160883 2.550343 0
3.720512 -1.908701 -1.716422 1
-3.078772 -3.354884 2.338347 4
-1.673645 1.134833 0.324948 0
3.838910 -1.912877 -2.111524 1
-3.833910 -2.801150 1.611579 4
-2.879927 -2.224716 1.750913 4
-0.673677 0.111952 1.881148 2
3.677530 -0.788958 -3.015866 3
3.688651 -0.979033 -1.504669 3
3.832191 -0.935682 -1.827773 3
-1.430851 0.805862 3.226700 2
-0.546774 0.221710 2.351933 2
-1.306838 0.202354 2.562003 2
-1.275185 1.705045 2.997702 0
-1.803158 2.332726 3.320690 0
2.782297 -1.208266 -1.050040 3
2.619328 -2.812907 -0.637231 1
-3.005698 -2.269285 0.765699 4
-1.365553 0.919494 3.155241 2
-1.041172 1.788194 1.426598 0
-1.690566 -3.575724 3.103942 4
-0.978146 0.719736 2.158338 2
2.580909 -3.407181 -2.106301 1
2.060229 -2.261246 -0.319895 1
-1.295012 2.028878 2.217166 0
2.549504 -2.493097 -1.524123 1
-0.888452 0.477093 2.778843 2
2.781189 3.292576 -0.004885 3
-1.337082 -2.772611 1.280323 4
-3.031244 -3.146529 1.786224 4
3.418209 -0.996810 -1.205339 3
-1.684040 2.426829 1.999128 0
-2.295584 1.815171 2.903841 0
-2.020212 -4.391348 2.765217 4
1.168377 1.706467 0.383023 0
1.645217 0.891909 0.654803 3
-1.479409 0.754893 2.734224 2
-1.812942 1.006929 2.237998 0
1.935978 2.471095 0.908421 3
-0.679928 1.395644 3.487363 2
-1.892252 -0.217091 1.448027 2
-1.238384 -3.663792 0.944942 4
2.438840 1.769676 1.291539 3
-1.572399 1.800957 2.240723 0
1.975568 0.759738 0.819389 3
2.075226 -2.617216 -0.910488 1
-1.318822 0.455665 2.902416 2
3.488506 -2.785523 -1.845773 1
-1.922530 1.003649 3.329825 2
3.053509 -1.956982 -1.739024 1
2.740941 -1.618380 -0.261250 1
3.246532 0.092761 -1.393953 3
-3.030845 2.328165 2.921361 0
1.728004 0.826966 1.283529 3
-1.797497 0.319104 2.776939 2
3.438070 -1.797869 -2.588806 1
2.505296 1.088093 0.473495 3
2.483108 -2.603619 -2.061487 1
-1.415981 0.789312 1.547787 0
3.024448 -1.839998 -1.435359 1
-1.822315 -2.790705 2.691413 4
2.971809 -2.896584 -0.949383 1
3.422263 -2.225508 -1.271953 1
3.104281 -2.429592 -1.203207 1
2.301149 -2.279555 -1.243146 1
-1.644883 1.299508 2.346492 0
-1.572467 -2.287108 1.681275 4
3.228884 -2.205513 -2.648950 1
-2.380907 -2.204759 1.764278 4
-1.543623 1.448868 2.085393 0
-2.212340 1.723975 3.250907 0
-1.327785 -0.495402 2.155988 2
2.474370 -1.023344 -1.981984 3
-4.027434 -2.851418 1.876674 4
0.984179 0.644663 0.780017 2
-1.720319 1.193688 2.149008 0
2.492473 1.209548 -0.131981 3
-1.114891 0.808956 1.801023 0
3.573021 -2.505752 -2.403649 1
-2.541074 -0.071772 2.145008 2
2.480812 1.555178 1.061325 3
-2.300077 0.677404 2.760321 2
-2.055600 -2.851895 3.806751 4
-3.051913 1.854012 1.942760 0
-1.854322 1.679195 1.928987 0
2.866987 -1.751426 -2.539077 1
-1.556477 -2.957829 2.266575 4
2.738734 -3.804719 -1.625370 1
-2.532301 -2.893812 2.071863 4
-1.823345 1.169002 0.923780 0
-2.307930 -2.391785 2.141952 4
-1.224139 1.265376 1.666309 0
3.300089 -0.574665 -2.575420 3
4.110324 -0.629570 -2.040481 3
-2.012350 -4.018414 3.393069 4
-0.063284 0.612433 1.870922 2
-1.360977 0.649564 2.712838 2
-1.263474 0.423111 1.527572 2
2.902392 -2.511031 -2.032836 1
3.963624 -1.157577 -2.656919 3
-1.534986 -4.087698 3.124827 4
3.523655 -1.348215 -1.391737 3
-2.593597 1.913595 2.392534 0
-3.258141 -1.998401 1.791436 4
-2.340695 1.747785 0.955274 0
4.610852 -0.543433 -2.095495 3
-2.433605 1.991233 2.635064 0
3.031322 1.606148 -0.189127 3
-1.430020 -3.360570 1.605991 4
-2.948566 -2.053482 1.235020 4
-1.857585 -4.535545 2.964453 4
-2.206497 1.026296 1.695220 0
1.867584 2.345609 -1.504334 3
-2.023513 -0.888345 2.361965 2
2.102017 -2.593211 -1.756062 1
2.021714 1.776138 0.514652 3
-2.890451 -3.827499 1.963604 4
2.796915 -1.484080 -2.029186 3
-3.181586 -3.177532 2.318327 4
0.322087 -3.138366 -0.489104 1
-3.207995 -3.172939 1.978051 4
-1.273580 -0.241237 1.257061 2
-1.273069 -3.567283 2.120402 4
3.570047 -1.730877 -3.109629 1
1.517012 0.710408 1.283830 3
-2.008860 3.235794 2.102493 0
2.406637 1.587901 -0.163622 3
-1.227851 0.746782 2.262347 2
2.566092 -1.539124 -1.500752 1
-1.874323 0.916225 3.405611 2
-1.188919 -2.615541 1.820929 4
-1.220636 0.422096 2.367258 2
2.924094 1.809780 -0.624035 3
3.823009 0.073992 -1.210459 3
2.731272 1.609458 0.568681 3
-0.816985 0.710569 2.502541 2
1.389578 2.598683 0.199052 0
4.036176 -1.006286 -1.335575 3
-2.377152 -3.908856 1.622579 4
-0.522994 -0.724072 2.186229 2
-1.361090 -3.851168 1.169874 4
3.087502 -1.569771 -1.809712 3
3.005128 -1.716284 -1.311569 1
-1.421906 -3.735460 3.331622 4
-2.296163 3.738972 0.860924 0
-1.533072 -2.898417 2.079137 4
-1.753285 -3.144903 3.041922 4
3.389943 -2.096895 -2.579828 1
-1.106913 -3.947589 4.515485 4
-2.636281 1.965980 3.435783 0
-0.368192 0.000016 3.280581 2
2.521854 1.472058 -0.450706 3
-1.067175 1.211332 3.038405 0
-0.803872 1.143833 2.542481 0
-1.511270 -0.363835 2.109682 2
-1.666570 -3.148392 2.391917 4
3.647138 -1.852324 -1.988550 1
-0.291561 0.991952 1.808072 0
-1.624540 1.087152 0.546163 0
-1.842526 2.268827 2.933465 0
3.004435 -2.247761 -0.982212 1
-1.261726 1.027080 4.593975 2
3.245178 -2.868966 -1.836463 1
-1.602270 -3.790526 2.662919 4
3.748428 -1.475579 -1.416216 3
-2.206821 -3.004712 2.669959 4
-1.996609 -3.600773 2.686757 4
-3.090362 1.522164 1.863872 0
-0.879929 -0.448154 2.149127 2
0.922779 1.694280 0.191141 0
2.344326 -2.215188 -0.828341 1
-1.250472 0.879394 1.538341 0
-0.963747 0.107927 2.276415 2
-1.817528 1.028351 2.582412 0
1.849160 -2.626141 -0.364845 1
2.635116 -2.167569 -1.025234 1
3.188935 -2.504013 -0.503600 1
3.368367 -1.105462 -1.495429 3
2.250696 -3.245068 -0.562968 1
2.157390 -1.431541 -0.884339 1
2.708326 3.067158 -0.672168 3
-1.100667 -3.040254 2.774277 4
-2.610198 1.232497 3.269816 0
2.182431 1.450559 0.831493 3
2.389488 -2.233889 -1.776287 1
-1.173567 0.760633 1.936761 2
-2.243341 -2.751502 2.051856 4
-1.042825 0.593050 2.609366 2
-0.868144 0.187100 1.674199 2
2.551187 -0.365362 1.133974 3
-2.493395 1.920701 0.953375 0
-1.662571 1.171003 3.620041 2
-1.627080 -2.581449 2.857666 4
-1.971460 -3.975945 1.656155 4
-1.802448 1.175323 1.644375 0
-1.461997 0.847782 2.327731 2
2.625013 -2.564368 -1.601017 1
3.026113 0.609597 0.755721 3
-0.724034 0.577640 2.096352 2
3.772461 -2.722930 -1.895172 1
2.754503 1.046200 0.091096 3
1.958286 -3.467254 -0.429693 1
-2.929625 2.964894 2.366622 0
-0.800249 -0.556092 2.044078 2
-1.761442 0.324315 2.407676 2
-2.193500 -2.965755 2.153823 4
-1.386621 -2.640791 0.318902 4
-1.042349 -2.963101 2.508722 4
-0.465534 0.150052 3.114543 2
2.982011 2.018610 1.327050 3
-0.941604 -2.171667 2.175461 4
-1.269349 -2.264949 1.999102 4
2.132001 -2.589197 -1.387198 1
-3.573909 -2.872917 1.356016 4
-1.393905 1.039651 1.165232 0
2.472248 -0.093292 -0.479795 3
-1.161298 0.475931 2.402852 2
4.341693 -1.804615 -3.244786 3
-1.595934 -4.170120 3.220221 4
0.732241 -0.135943 0.872652 2
-1.345077 1.272750 2.084361 0
-3.110823 -2.175207 1.389654 4
4.388332 -2.424532 -2.817362 1
-1.249326 0.800250 2.728847 2
-2.236858 1.467294 2.864901 0
-1.310664 0.246676 3.232419 2
-0.441349 -3.396250 4.016518 4
-1.984316 1.045912 1.933620 0
-2.196203 1.975251 2.332107 0
1.672339 1.424816 2.393764 0
2.241506 -0.736691 -0.114583 3
-2.859203 1.798821 1.566224 0
-1.986941 -3.429470 2.272271 4
2.783839 -1.606481 -1.341291 1
2.818778 -2.499574 -1.467610 1
2.331284 -3.583815 -1.163030 1
-1.258113 1.127853 2.146314 0
-1.995241 2.394559 3.457621 0
-2.190996 1.712076 3.941111 0
-0.946915 2.803503 3.745877 0
-4.021067 -1.503198 1.004617 4
-0.925119 1.153220 2.551529 0
3.940936 -0.950608 -1.987066 3
-0.736780 0.155133 3.380329 2
-1.485354 -3.115026 2.959352 4
-1.800949 0.229886 1.681441 2
-0.291056 1.218742 3.442531 2
-1.486505 2.137016 2.041287 0
-0.744540 -0.977425 2.097715 2
-1.415465 -2.669796 2.031022 4
-3.006535 -2.908553 1.756549 4
-0.912824 0.882029 1.775816 0
-2.426229 1.118246 3.001258 0
-1.126835 1.120375 1.990538 0
3.784387 2.082649 0.408420 3
-0.895474 -0.279948 2.499449 2
-1.836996 -2.442732 3.765516 4
-1.071992 0.500324 2.349994 2
-1.051681 1.366475 1.734825 0
-1.897197 1.059850 0.749031 0
-1.011777 0.023820 2.317224 2
1.756036 -2.898595 -0.728064 1
3.043771 -0.741788 -0.768467 3
-1.560559 1.318274 2.976431 0
3.010268 -2.160062 -1.249596 1
-1.276649 0.428345 3.291880 2
2.832414 -0.852204 -0.086996 3
3.344214 -2.084475 -1.119337 1
1.994247 -2.848437 -1.619987 1
3.253582 1.636303 0.320569 3
2.573609 -2.352180 -1.452079 1
-1.310291 -3.284833 2.806463 4
2.284701 -2.516592 -0.993946 1
3.315847 -2.835634 -1.395610 1
-1.377721 0.929583 1.095861 0
3.834831 -1.413307 -1.990310 3
2.873169 -2.210924 -0.794869 1
-2.509748 1.838757 2.939589 0
-0.858602 -0.169851 2.981860 2
-1.685164 2.316886 2.880575 0
-2.055978 -2.951422 2.175980 4
3.656849 -2.400905 -1.243195 1
-0.967783 -2.948978 1.223001 4
2.319653 -2.210614 -0.457662 1
-1.781959 -2.583986 1.798400 4
-0.948687 -0.001857 1.903793 2
4.513247 -1.660983 -2.894164 3
-1.114612 -2.287515 3.112179 4
2.456964 1.468000 -0.238437 3
3.209836 -0.905188 -1.996300 3
-1.140526 -0.055315 2.785463 2
5.091163 -0.410854 -1.917786 3
-1.163917 -3.640080 2.088127 4
-1.299220 -2.983557 2.482786 4
-0.976320 0.509316 2.801148 2
-0.767190 0.603350 2.283950 2
3.884302 -1.839352 -1.536552 3
-0.591516 0.740417 0.645005 0
3.795688 -1.134960 -2.227477 3
2.851173 1.313349 0.704322 3
-0.361919 -0.079289 1.808668 2
-0.917909 -0.433440 2.404889 2
2.745732 -1.637110 -1.492430 1
-1.424084 1.831959 2.573945 0
1.201310 3.570200 0.224032 0
-1.146647 0.846245 0.775425 0
3.283681 -4.015633 -1.831637 1
-1.529268 1.441806 3.869502 0
1.314552 2.681401 -0.359400 3
-1.758897 -2.964367 2.278258 4
-1.299654 1.469568 2.964051 0
2.780682 1.890512 1.004721 3
4.057247 -1.974090 -2.830166 1
2.435752 -2.426975 -0.077564 1
2.913831 2.826608 0.190719 3
-1.136075 -2.179524 1.937693 4
-1.406796 -4.483118 3.115576 4
4.646060 -0.508773 -2.118238 3
1.749491 1.596883 1.338267 0
2.845097 2.345983 1.497304 3
-2.111917 0.995062 1.160384 0
2.070245 2.212698 -0.733323 3
-1.119702 0.589804 3.471020 2
-1.564147 0.655752 2.480406 2
3.114621 -2.061508 -2.161751 1
-0.824042 0.344798 1.179080 2
2.753722 -2.562964 -2.114376 1
2.945992 0.922462 0.253806 3
3.248846 -2.619325 -1.060139 1
-2.055943 1.212237 1.850575 0
2.740177 -0.921290 -1.424588 3
-1.562818 0.645161 1.781789 2
2.386413 -3.089732 -1.277974 1
-0.347070 0.397612 2.615760 2
-1.475799 -4.179582 2.053405 4
-2.342902 2.710926 3.590786 0
-1.905977 1.829573 2.426110 0
-0.161871 -0.451041 1.963783 2
2.926240 2.957397 1.174717 3
-1.116718 1.693478 1.462370 0
-0.817958 1.068889 2.441045 0
-3.367913 -3.395353 1.731040 4
-2.224834 1.511599 2.698900 0
2.698368 -3.678340 -2.558172 1
-1.963217 -3.152958 2.445722 4
-1.935555 -3.414516 2.859283 4
-0.460878 1.427165 2.129564 0
-2.161818 1.131145 3.171921 0
-3.324546 -3.067199 3.316763 4
2.904457 1.859526 0.806498 3
1.428721 1.013926 0.432831 3
-2.652090 2.259349 2.512895 0
-1.103115 0.649132 2.369713 2
2.637852 -1.657684 -0.538247 1
-1.585287 2.621388 2.764461 0
-0.426358 0.409748 2.659478 2
3.524182 -2.110926 -2.074801 1
-1.286150 -4.097754 3.272871 4
-0.816088 -0.254886 1.531593 2
-2.480232 0.828600 2.667970 2
3.354525 1.398405 -0.194321 3
-1.692981 -4.478485 1.245675 4
-2.486772 -3.076568 2.318502 4
-2.652589 -3.301015 2.311767 4
3.022035 1.023955 -0.036555 3
-1.202213 -3.807165 3.981439 4
-2.114258 1.583187 1.648848 0
2.915602 -1.849937 -1.855725 1
1.674182 -3.500574 -1.000780 1
-2.188456 1.779306 1.005299 0
-1.818068 1.656891 2.440062 0
-1.804537 0.096521 2.764302 2
-3.114885 -2.567992 0.947700 4
-1.718520 1.525781 1.892272 0
-1.208331 0.361478 2.290771 2
-2.246066 1.158413 1.906302 0
-2.848658 2.234545 1.430512 0
3.717520 -2.966810 -1.560460 1
3.099304 1.219421 1.821646 3
-1.392209 -2.483316 2.390792 4
-1.697139 0.473029 1.565217 2
4.137679 -1.509664 -1.258118 3
-1.599414 0.329606 2.689515 2
3.657786 -0.724041 -0.540096 3
-1.408786 1.339490 3.412534 0
-1.769439 1.036611 3.252205 2
3.906066 -1.524075 -1.650206 3
2.519980 -2.448122 -1.252044 1
2.803008 -1.887659 -1.474138 1
-2.335697 1.869775 1.284782 0
3.381209 -1.726904 -1.292039 1
-1.101000 0.287858 3.254048 2
-2.328343 -2.161142 2.258679 4
-0.648750 0.090727 1.936923 2
-0.909143 -0.559784 2.744342 2
-1.369772 1.286563 1.718944 0
-2.190784 -3.663267 2.242030 4
-1.578021 1.264868 2.448354 0
4.070644 -2.899928 -2.437317 1
2.248314 -2.318006 -1.468883 1
-1.652731 1.229328 1.321549 0
3.243446 -0.817399 -1.246163 3
-1.645242 -3.283067 2.717042 4
2.556212 1.631363 1.094040 3
1.611703 1.005134 0.829877 3
-0.229417 -0.725871 2.393261 2
1.612083 1.924057 -0.595047 3
2.888413 2.821513 0.167347 3
-0.881498 0.998843 2.700394 2
2.270326 -3.115574 -0.932397 1
-0.969954 -2.940162 2.252565 4
0.713837 -0.221484 1.925189 2
-2.373391 -3.473984 2.374426 4
3.876065 -0.022693 -1.519541 3
-1.644299 -2.575997 2.417943 4
2.159301 2.115748 -0.734607 3
3.250987 -2.781170 -1.363399 1
-1.139693 0.021787 2.885546 2
2.297137 -1.874505 -1.012101 1
-1.981108 1.355192 0.808339 0
2.473048 1.808314 1.014757 3
2.915742 2.494135 -0.727517 3
0.000827 -0.466294 1.635576 2
-3.099996 3.507199 1.581352 0
-1.144242 0.523311 3.098400 2
2.932745 2.531745 -1.252979 3
-2.454603 -3.406840 2.424023 4
4.496154 1.551607 -0.913726 3
3.130548 -2.137499 -1.378806 1
-3.227505 2.212243 2.351923 0
-2.581113 -3.564932 1.865080 4
-1.103184 1.441708 1.792589 0
-1.859915 0.334573 1.731426 2
-1.922537 1.455773 2.257260 0
3.122424 -1.684249 -0.614079 1
1.331683 -3.503615 -0.568075 1
4.066979 -2.527173 -2.850051 1
3.073770 3.034717 0.085075 3
-3.147341 -2.163991 1.329785 4
-1.084733 -2.699937 1.833799 4
3.252956 -2.123674 -1.894185 1
-3.396466 -3.099211 1.386613 4
1.996441 1.769938 0.217757 3
-1.828423 0.346659 2.954956 2
-0.796990 -3.465750 2.481950 4
4.196119 -1.412757 -2.509963 3
0.862525 2.182867 0.761906 0
2.900775 -1.874266 -1.653013 1
-1.916916 -5.161585 1.743098 4
2.761772 -1.953692 -1.214965 1
1.564214 1.682913 0.324878 3
-1.680671 1.019747 0.995983 0
-0.962462 -0.146335 1.159356 2
3.225697 -2.735978 -1.630592 1
-1.184422 -5.093978 3.189455 4
-1.834443 1.426017 3.079361 0
2.281316 -2.916965 -2.323401 1
1.698161 1.120810 0.557431 3
-1.746862 0.443728 2.827631 2
1.788145 -2.324344 -0.250967 1
1.621941 1.303313 0.230267 3
3.286722 -0.606716 -1.035172 3
3.408748 2.296728 0.143653 3
-1.816524 1.196336 2.107068 0
-2.413935 1.678956 2.874399 0
2.628446 3.533845 1.591432 0
-1.186059 -3.218561 2.920552 4
3.682369 -2.368839 -1.676591 1
-0.896169 -4.208834 3.630613 4
-0.444580 -3.496206 1.283440 4
-1.411830 1.684916 2.898206 0
-1.010833 -3.880026 2.222279 4
1.421502 2.205290 0.356075 0
-3.329336 3.141489 3.317104 0
-2.151584 -3.366496 1.736709 4
-2.079528 1.635372 2.088082 0
-2.955429 -1.698857 1.509464 4
-4.027967 -2.092574 -0.267161 4
4.223456 -0.851508 -1.662541 3
2.083399 1.873909 -0.582980 3
3.994963 -1.717304 -2.124016 3
-1.224538 -3.963576 0.823879 4
-2.975675 -2.435586 0.963046 4
-2.141840 -4.425889 3.184572 4
-1.666996 -4.408473 3.267696 4
-0.982694 1.596594 2.067542 0
3.599128 -0.353607 -0.959219 3
-1.845938 0.462536 3.230557 2
-1.484941 0.302480 2.689846 2
0.023524 0.743901 2.222219 2
-0.892070 -5.018531 4.027322 4
2.889525 2.298241 1.283325 3
-2.012853 1.970278 2.110355 0
-1.501372 1.719429 1.377320 0
-2.264396 2.060746 1.577596 0
-0.196909 0.288812 1.077744 2
4.330199 -2.033013 -1.512468 1
-1.680574 0.973627 3.486247 2
2.557465 1.681285 -0.575434 3
-1.836351 0.513533 2.724208 2
4.312445 -0.868749 -2.243680 3
-0.833448 0.168337 0.552636 2
4.572642 -1.469498 -2.086836 3
-1.009640 0.460997 3.162943 2
2.889197 1.478976 0.567865 3
-2.273481 1.415639 1.508849 0
-1.383762 0.363906 1.933899 2
2.755688 -2.211560 -1.131213 1
-0.530518 0.962984 2.006816 0
-1.413511 -3.320321 2.441888 4
1.501653 1.852651 0.926391 0
2.904148 -1.856592 -1.663945 1
-2.325654 -3.710427 3.398014 4
1.603142 2.206617 0.540931 3
-2.556461 1.971759 1.815980 0
-2.253423 1.297193 3.512122 0
3.551184 -1.957584 -2.051413 1
3.533129 -2.205464 -1.571062 1
2.447316 2.289412 1.177263 3
-2.309111 1.418065 2.646034 0
-2.787871 1.029188 2.812592 0
2.590359 -2.868701 -1.677345 1
2.613394 -2.618978 -1.026406 1
-2.562195 -3.228155 1.777544 4
2.318905 -0.125121 -0.491943 3
-0.996998 1.108584 1.940362 0
-1.850621 1.531601 2.090792 0
-1.449151 -0.323050 1.342497 2
-1.045670 -2.142555 1.735719 4
-0.804874 -0.531316 3.186755 2
2.918814 -2.780683 -1.993181 1
-1.745819 1.039719 2.576566 0
-1.264779 1.684468 3.031031 0
-0.448015 -3.307311 3.207416 4
1.800412 -3.113298 0.867762 1
-1.274998 0.510490 1.460539 2
3.377166 -1.333718 -1.375128 3
2.467671 1.510021 -0.163957 3
-1.820135 0.919916 3.143526 2
-2.943439 -2.181831 1.028851 4
-0.467129 0.275023 1.800663 2
-1.780233 -3.565346 2.537867 4
2.966087 0.522374 -0.186079 3
3.115839 -1.707469 -2.258411 1
-0.727261 -0.190223 2.519504 2
1.528680 -3.370407 -0.798670 1
2.503549 1.727594 0.316159 3
2.516554 -1.888026 -1.178605 1
-1.562004 -3.875645 3.123848 4
-1.712144 -2.683903 3.507833 4
-2.435356 1.849139 2.332660 0
-2.202150 -1.970467 2.106740 4
2.532712 -0.043689 -1.937469 3
-2.851689 -3.511339 2.524823 4
0.294923 -0.812882 2.634874 2
-0.499468 0.679211 2.300638 2
-1.326985 1.026484 1.729268 0
1.495428 2.555970 1.367017 0
2.709597 -2.040911 -2.371936 1
-0.631849 0.180554 2.134403 2
-2.333471 -3.026840 2.449368 4
-2.410223 -4.151157 2.318755 4
-3.230719 2.801998 2.661262 0
-2.788876 2.672383 2.521911 0
2.024227 1.295091 1.355531 3
-1.405194 0.919525 1.867155 0
-1.262991 -2.232313 1.937307 4
-2.807661 -2.983127 2.038974 4
-0.842658 1.128617 2.785323 2
3.718003 -1.748760 -1.900190 3
3.175489 1.554120 -0.214780 3
-0.814225 0.234887 1.030410 2
-1.878078 1.142415 1.502241 0
1.275861 3.540280 1.108459 0
-2.136350 1.217204 3.151934 0
-2.626526 -5.193453 2.231443 4
0.754633 2.333707 1.013458 0
2.274314 -2.635882 -1.712458 1
-1.725036 -3.561845 1.983913 4
3.735668 1.472291 -0.006140 3
-0.720449 0.510623 2.236515 2
3.059579 1.815969 -1.223868 3
2.977778 -2.575261 -0.591692 1
-1.904960 1.433823 3.115238 0
-2.383678 1.526254 2.462519 0
-2.043725 1.436495 1.465279 0
3.951986 -0.920722 -2.261694 3
2.734963 -2.811184 -1.357910 1
-1.486503 -2.879386 2.460341 4
-2.293526 -3.997326 3.242195 4
-2.008377 -0.105265 2.325194 2
-2.177911 -2.364723 2.102619 4
3.184652 -1.849175 -1.686516 1
-2.229979 -2.891891 1.927624 4
3.622193 -1.817218 -1.992916 1
-1.508071 0.634801 2.848909 2
-2.072003 2.004820 3.363639 0
-1.278903 1.306288 1.932424 0
-0.194860 -0.223237 2.159428 2
-0.687810 0.047057 3.050606 2
-2.234155 2.496727 2.351829 0
-2.258805 1.085117 2.088281 0
1.766146 2.760407 -0.072439 3
1.617810 -3.276301 -0.785423 1
-1.434976 0.075068 1.613803 2
0.960376 1.359577 -0.056538 3
-2.480271 3.128220 3.149213 0
-1.051469 -2.166428 0.799386 4
2.421325 -2.570189 -1.525353 1
-2.064462 -3.474981 0.312467 4
-0.291429 -1.251057 1.950347 2
-1.408870 1.132836 2.720488 0
0.652119 -7.219680 5.708553 4
3.038119 1.981890 -0.777334 3
-0.945277 0.472209 1.417987 2
-2.731963 -3.010869 2.003196 4
-2.456191 -3.149342 1.956667 4
-0.454509 -0.045831 3.135126 2
-1.999563 2.370394 3.396543 0
2.207484 1.800394 -0.691376 3
-0.946186 0.662692 3.625961 2
-0.824427 0.042233 2.343531 2
-1.934082 0.621527 3.720873 2
3.783048 -0.605637 -0.949465 3
1.502401 -1.585087 -1.298290 1
1.537895 3.527402 0.938024 0
-1.987391 -2.626709 2.582949 4
-2.162369 -2.779817 1.699260 4
2.325274 0.777928 0.041842 3
-1.928071 -0.134661 2.123875 2
-1.181368 -0.001739 1.056232 2
-2.023261 1.693430 3.001738 0
-0.361555 0.468444 3.149527 2
-0.109473 0.510853 2.290339 2
1.709437 -4.044988 -1.987402 1
-2.169969 -3.798295 2.969736 4
-0.691933 0.070295 3.433806 2
-1.650907 0.232460 3.140176 2
-2.030926 -3.448238 3.097616 4
1.987555 -2.956019 0.411840 1
3.125882 2.032975 0.452004 3
-1.961573 -3.269504 2.141636 4
1.566417 0.895869 0.712132 3
-2.836600 -1.780889 1.916109 4
-1.306444 -2.125368 3.154280 4
2.345731 2.285182 -0.050462 3
-1.947399 1.140184 2.428739 0
-2.012952 -3.433107 2.579560 4
2.776455 -2.086685 -1.585185 1
5.317139 0.121525 -2.095631 3
-0.812860 0.847520 1.242122 0
-0.766440 -4.654627 3.073676 4
-0.900051 1.147856 2.770027 0
-2.970756 -2.441304 1.787994 4
1.445661 -2.417569 -0.362120 1
-0.706725 -2.141838 3.458150 4
1.812350 2.271535 1.001752 0
3.367853 -2.266057 -1.464567 1
2.398687 -1.079446 -0.820483 3
-2.928784 -4.614948 2.617531 4
-2.302211 1.902570 1.830673 0
-2.443088 1.182587 2.566108 0
3.471180 -0.841098 -1.800258 3
-1.760182 1.900273 1.547196 0
-2.242321 1.841715 3.067173 0
2.681227 -3.120175 -0.908237 1
3.482267 1.388403 0.470352 3
-0.211667 1.183252 2.562746 0
-0.559664 0.467293 2.442143 2
1.993056 3.259099 0.487541 3
-2.044846 -2.670395 1.964563 4
2.883041 -0.422579 -0.915739 3
-3.062753 1.653290 2.340076 0
-2.134889 1.574472 3.825573 0
-2.231085 -2.595313 2.246751 4
3.079243 2.467649 -1.051212 3
3.369031 -3.033294 -2.670413 1
3.359683 -1.958544 -1.720837 1
-1.950768 -4.203592 3.604657 4
2.881357 2.127580 0.028848 3
-3.370962 -3.030316 2.505225 4
-0.736136 0.181908 2.011352 2
-1.062284 1.143643 2.373500 0
-1.201229 0.636803 3.347793 2
-1.765726 2.081520 1.788942 0
-1.592671 1.134110 1.464802 0
2.004837 -2.145730 -0.570323 1
-0.256006 -0.026450 2.038388 2
-2.472006 1.849597 1.650334 0
-1.731260 -0.071974 2.312382 2
-1.470791 0.548958 1.169487 2
3.324809 -1.750972 -1.784591 1
-2.214179 -2.263036 1.893156 4
-3.588159 -2.154398 0.172091 4
2.772728 2.772216 -0.003346 3
2.152776 0.996517 -0.740465 3
-0.193023 -2.149024 2.128833 4
-2.460948 1.039643 2.425274 0
3.785143 1.257713 -0.646951 3
1.364778 0.995233 1.485266 0
1.020659 -3.025938 -0.722082 1
2.310710 1.817600 -0.015248 3
-0.581310 -1.767496 1.171426 4
1.881881 0.512788 0.616557 3
-2.051906 2.315998 2.533967 0
-1.596676 1.865432 2.894559 0
-1.435321 0.766830 2.736312 2
-1.174984 0.927175 1.943178 0
-1.677748 0.437725 1.559932 2
-1.775957 1.362303 3.660395 0
0.682269 -1.070931 3.398781 2
3.879380 -2.057153 -1.857436 1
-0.958582 1.109566 2.064129 0
2.932284 1.151023 0.134347 3
-3.430984 -2.187646 0.576484 4
-1.033353 1.942936 2.737964 0
-1.939362 1.304268 1.964931 0
-2.439357 1.930272 1.276675 0
3.873314 -2.376300 -1.900079 1
-1.871845 3.001907 2.176558 0
-0.329790 -0.456205 2.160567 2
-1.878118 1.517867 2.272546 0
3.141234 2.676585 0.822345 3
2.709754 1.376472 -0.516292 3
-2.259485 -4.460456 3.328615 4
-2.087153 -3.790635 3.320646 4
3.367615 -1.184357 -1.940984 3
-2.105081 1.097420 4.325173 2
-1.117978 1.147745 2.491994 0
-1.909121 1.081561 2.428455 0
2.816537 -2.459785 -1.194482 1
2.119936 -1.982654 -0.636797 1
2.552794 0.574411 1.306937 3
-1.158991 -4.022632 3.448170 4
-1.001590 -3.362526 1.497197 4
-1.767747 1.533526 3.187915 0
-2.416783 -4.406664 1.451600 4
-3.364328 -1.964339 1.417477 4
-2.487318 -5.387639 2.067138 4
-4.837005 -1.702440 0.618157 4
2.166215 -2.981903 -0.839450 1
-0.102181 2.213054 0.793532 0
3.121199 -1.960519 -2.700482 1
-2.644284 2.342487 1.760799 0
-0.857074 -3.132782 1.825330 4
-2.757843 1.784457 2.937253 0
-2.617649 2.811740 3.506305 0
-2.434856 0.903746 3.011492 2
-0.821050 0.820589 3.093980 2
2.258671 1.943896 0.441437 3
3.267025 -1.388119 -2.241476 3
2.405115 1.465896 -0.277548 3
-1.961922 -3.017223 3.082310 4
-0.775998 1.389859 2.654878 0
-1.246966 0.894047 2.226965 2
4.351910 -0.925375 -2.305582 3
-1.156196 1.505287 1.289860 0
-1.663747 1.022279 2.733412 2
-1.429383 1.382419 2.786858 0
-2.086108 1.004516 2.402091 0
2.412587 1.496838 0.943072 3
-2.212953 0.924866 0.800115 0
-2.214904 0.193544 2.018061 2
-1.522914 0.191516 2.551898 2
4.142866 -0.984392 -1.651296 3
2.032822 -2.196728 -1.886151 1
-1.993114 0.992872 2.999501 2
3.519311 -0.773020 -1.673859 3
-1.534366 -0.161688 1.928367 2
-1.747225 -2.276711 2.185051 4
-2.862914 -3.628400 1.540683 4
-2.288629 -3.925282 2.557884 4
-1.064565 0.165074 2.024432 2
3.417818 -2.266805 -1.193088 1
1.579348 3.443963 -0.059566 0
-2.884586 3.317515 3.272703 0
-1.420760 -2.146181 3.104529 4
1.270367 1.482344 1.376276 0
0.903720 3.403543 1.050204 0
-1.279704 -0.177683 2.550853 2
3.209525 -0.885162 -1.421308 3
-1.493276 1.797977 3.549920 0
2.743405 -2.014604 -2.667829 1
2.305463 2.948355 0.085453 3
-1.745833 -4.862994 3.437803 4
2.117304 3.221908 -0.275396 3
-0.976600 -0.255230 0.941128 2
-1.654647 0.729410 1.775209 0
-2.689050 2.362513 2.175779 0
-2.267655 -4.374572 2.080558 4
-2.115596 3.122217 3.310502 0
3.080462 -2.360066 -2.080360 1
-1.029257 -3.241130 0.612676 4
-2.355408 0.227019 2.182345 2
-2.549045 1.196690 2.491136 0
-1.848543 -3.844806 3.162947 4
3.205917 -0.536208 -0.951393 3
-1.771808 0.998136 2.377053 0
-2.046954 1.376454 2.650171 0
3.044510 -1.835046 -1.753257 1
3.077476 -1.317465 -1.758884 3
-1.429502 1.368096 1.978855 0
-2.233854 -3.100960 2.104075 4
-0.251888 0.477584 2.104257 2
-2.436765 1.067587 2.956685 0
0.798272 -3.770613 0.016887 1
-0.402294 -0.316521 3.768989 2
-0.636278 0.399345 1.334212 2
-0.968782 1.469814 1.352234 0
3.615841 -2.606185 -1.584313 1
3.296801 -1.791347 -1.481702 1
-2.896508 2.423125 2.380375 0
-0.876601 0.316903 3.126435 2
-0.495092 1.152873 3.374840 2
-2.353712 -3.484331 2.481012 4
-2.767143 -3.924191 2.449461 4
3.112631 3.551117 -0.025825 3
-1.527702 0.364887 2.685680 2
-0.483820 0.437015 3.343123 2
-2.104994 1.488653 2.628271 0
1.329566 1.841401 1.293117 0
-0.983065 -2.915198 1.773430 4
2.606836 -3.111986 -1.454297 1
-2.469071 -2.203111 2.323244 4
3.831395 -1.751137 -2.755303 3
-1.212205 -2.799111 2.020318 4
3.640982 -1.855774 -2.382329 1
-1.779040 2.476741 2.634233 0
3.211639 1.343507 -0.207817 3
2.376720 -1.398280 -1.609893 1
0.079914 -0.641335 0.786645 2
1.148875 1.037916 0.699020 0
-2.518986 -3.347964 1.335286 4
-0.647976 1.210645 1.902070 0
-1.599037 2.215802 3.326565 0
-1.915339 -2.591794 1.959493 4
3.459666 1.820292 1.535227 3
-1.446674 1.496570 3.398199 0
3.001704 -1.849151 -1.066247 1
2.423083 -2.487933 -1.302943 1
4.680979 -2.616129 -2.098831 1
-2.528167 1.982146 0.274609 0
-3.481556 -1.431087 1.158664 4
1.369716 -3.178602 -0.546405 1
4.204084 -0.910972 -2.065804 3
-1.780354 1.604436 2.251734 0
2.599710 0.356444 0.192045 3
-2.033021 0.662361 0.262661 0
-0.777142 1.427533 1.340208 0
-2.532824 2.535912 1.523767 0
-0.998843 0.450348 1.804147 2
2.447463 -3.725130 -2.376809 1
-1.800286 1.119084 2.207606 0
2.136507 -2.608315 -1.363497 1
-4.140709 0.219398 0.196063 0
3.617554 -1.636970 -2.117199 3
-1.045448 1.670449 2.432545 0
-1.197060 0.017207 2.435630 2
-2.309406 2.079889 2.863968 0
3.344587 -1.117889 -1.444847 3
2.822516 -2.448132 -0.828502 1
-1.671679 0.703685 2.902854 2
2.659466 -2.711708 -1.259600 1
-0.829218 1.655670 2.157719 0
-1.942200 -2.844977 0.401384 4
2.716738 2.625480 -0.037257 3
-2.254601 0.746433 2.268815 2
1.785947 3.497769 -0.195228 3
-0.274665 0.899945 2.041137 2
-2.677120 -3.203993 2.282673 4
-1.594347 1.270858 1.310029 0
-1.153882 1.117148 1.403660 0
-0.831125 1.179326 1.938604 0
1.581010 2.526037 1.490445 0
3.570359 -1.729264 -1.662827 3
-1.096541 -3.933050 1.178493 4
2.364078 1.720889 0.030147 3
3.365799 -2.172185 -1.723794 1
3.249137 -2.062408 -1.076293 1
1.541773 -2.644858 -0.498781 1
-0.864133 0.333461 2.934260 2
-3.092725 -2.786279 1.588132 4
-2.677247 -3.736108 2.754402 4
1.819143 2.718118 0.584830 3
-0.959689 0.732458 1.989937 2
3.589461 0.472436 1.323685 3
-1.403500 -0.128469 2.243594 2
1.987760 1.671071 0.439107 3
3.241626 -2.289591 -1.946843 1
-1.853060 2.818039 1.153487 0
-2.050538 1.969619 2.542208 0
-1.554057 -3.438542 2.467807 4
2.654132 -2.227688 -1.320445 1
0.388725 -0.317646 2.428197 2
-0.930785 -2.221777 2.511777 4
4.057198 -1.238932 -1.907201 3
1.477878 2.765268 0.562315 0
3.960012 0.270877 0.210351 3
-0.678357 -2.622927 4.182040 4
3.174297 -3.046759 -2.040720 1
-2.091552 2.105308 2.240600 0
-1.581960 1.158834 1.039205 0
-0.721599 -0.135999 1.298656 2
-0.875997 0.434136 2.615809 2
-3.929465 2.804697 1.892360 0
3.128934 -2.787393 -1.349793 1
-1.022208 -1.512057 1.721468 2
-2.358730 -3.570556 2.547606 4
-2.262372 1.682716 2.482378 0
2.842968 -1.909776 -1.648637 1
3.729070 -0.306968 -1.612003 3
-3.285927 1.342378 2.759809 0
3.998885 -2.439454 -2.142222 1
-1.938203 1.492474 2.020368 0
1.932783 -1.843305 -1.452916 1
2.234007 -2.027545 -0.798583 1
2.750031 3.026254 0.649142 3
2.718807 -1.154221 -1.046650 3
2.324723 -1.968668 -1.733787 1
2.677659 1.752811 -0.065009 3
1.982026 -3.672572 -0.214344 1
2.085321 -3.236484 -1.063804 1
1.654523 3.135123 -0.210930 3
2.490057 -2.124180 -1.366910 1
3.477199 -2.152204 -2.173455 1
2.166976 2.688678 0.564035 3
-2.679256 2.316526 0.602416 0
-1.540632 1.159105 1.847975 0
-2.425906 0.577090 1.894726 2
-0.212713 1.173718 2.216567 0
-2.607267 1.985746 3.067550 0
-1.910329 0.596815 2.624835 2
-0.267333 0.135339 1.985966 2
-1.427958 -4.170899 1.879208 4
-0.208844 -0.060412 2.096845 2
-1.177464 1.159573 0.847908 0
-1.522263 -2.792498 2.537193 4
1.514988 -4.789828 -0.378054 1
2.290193 1.831827 -0.009841 3
-2.231747 1.307781 3.502343 0
-1.984869 0.996146 3.109354 2
2.799558 1.704754 0.166657 3
-2.209862 2.255322 1.819702 0
-1.981962 0.868978 3.397756 2
2.640255 -2.181805 -1.497422 1
-1.704355 -3.898933 2.219787 4
-1.967972 -3.665984 2.725902 4
1.963000 0.453701 -0.331250 3
2.820647 -2.551220 -1.648387 1
-1.247346 -1.789512 2.544506 4
-0.392445 1.855287 2.766692 0
-1.635668 1.163572 1.643149 0
-1.219045 0.632141 1.214455 0
3.083084 -1.547985 -1.253186 3
-1.212195 0.486911 1.839929 2
2.199893 0.625572 0.260518 3
-1.518020 -3.123091 2.621746 4
-1.333513 0.831941 2.200650 2
-1.292542 0.161334 1.501468 2
-0.866831 0.796981 2.256797 2
-2.299319 1.477930 1.687638 0
-1.366782 2.188642 2.729555 0
-0.940630 0.583548 1.636663 2
-2.182250 -3.725892 1.819399 4
2.578568 -2.336854 -0.749077 1
1.564112 -3.457029 -0.477938 1
-1.107346 -5.599941 2.049456 4
-2.064576 1.565202 1.757152 0
4.587136 -0.511704 -1.759889 3
3.765259 -1.232789 -1.275881 3
-2.462881 1.322374 2.134758 0
3.280072 -2.165334 -2.071488 1
2.735429 -2.494398 -1.093352 1
2.206354 -2.846779 -1.939757 1
-1.877303 1.257132 1.937694 0
2.786047 -1.192573 -0.678702 3
-2.318890 -2.718599 2.385549 4
-3.100169 -2.388934 1.374769 4
-0.961906 0.622776 1.996462 2
2.292755 1.865185 -0.742524 3
0.916883 -3.755632 0.094585 1
3.699131 1.849835 -0.143908 3
-1.466547 0.359992 2.431513 2
-0.734359 -3.093174 1.692860 4
-2.962036 1.467641 2.923719 0
-0.189891 0.224895 1.519014 2
-1.785410 -4.309291 2.092745 4
-2.779453 3.239276 3.001026 0
3.129753 -2.086987 -1.694791 1
-1.789331 -3.895345 2.642638 4
-1.363893 0.225668 3.131059 2
1.945620 2.302362 -0.005005 3
-1.552998 1.792014 2.579934 0
-1.307661 1.430908 1.819301 0
3.594235 -0.606315 -1.214281 3
-0.137631 -2.593880 0.688326 4
4.067867 -1.093810 -2.627344 3
-1.941306 1.544551 2.551564 0
-2.039719 1.320617 2.830608 0
-1.182670 0.713804 3.054973 2
-3.152340 -2.310492 0.903054 4
1.679444 1.378057 0.352442 3
-2.381037 -4.000175 1.768322 4
-1.651935 -3.078815 2.231325 4
-1.732649 0.912537 2.500216 2
2.825958 -2.609802 -0.393247 1
-2.094358 -1.855396 1.386104 4
2.692078 1.107161 -0.128912 3
2.268637 -2.777754 -1.371016 1
-1.719299 -3.955897 2.724539 4
-1.792535 0.321859 2.453174 2
3.160916 -2.005940 -2.088001 1
-1.404088 1.247424 2.911269 0
1.623403 1.565636 0.995860 3
-0.996540 1.745144 1.524940 0
-1.080600 -4.871039 3.311264 4
-1.880606 -3.539668 2.815134 4
1.961559 -2.908155 -1.151963 1
2.807819 -2.695937 -1.518701 1
2.006048 -2.394976 -1.449264 1
-1.852568 0.985325 2.610412 0
1.940927 -2.474954 -0.089025 1
-1.641592 0.604641 1.955892 2
-1.734685 -2.993707 1.576644 4
-1.216581 1.626489 2.804225 0
-1.845493 1.742030 1.344143 0
-1.796464 -3.711922 2.883713 4
3.378788 -1.780364 -1.470117 1
-2.163447 -2.314465 1.878836 4
1.774791 -2.648030 -0.370772 1
-1.938031 -3.969366 3.424602 4
3.407213 -0.925210 -1.449513 3
-1.561917 2.165028 1.922016 0
-2.003412 1.668995 1.808035 0
-1.694885 1.329109 2.380981 0
-2.571154 -3.718608 1.839410 4
-0.675300 -0.473684 3.093257 2
-1.976602 1.677177 1.847882 0
3.952651 -1.207921 -3.192374 3
0.471427 -0.814204 0.666145 2
-1.136076 1.672348 2.102501 0
2.659176 1.632736 1.113412 3
-1.654884 0.485442 2.610656 2
2.863793 -0.816070 -1.536236 3
2.459084 -1.542046 -1.026496 1
0.521667 -6.146074 4.653702 4
-3.183150 1.648924 1.903559 0
-0.303075 0.565281 1.918122 2
-1.827673 0.984518 2.090758 0
-0.762229 -0.072157 1.155383 2
3.369605 -0.703671 -1.280269 3
3.829747 -1.107675 -1.442593 3
-1.741703 0.450692 2.529331 2
2.487464 1.168757 -0.192660 3
-2.613202 1.710464 1.873959 0
-1.804076 1.291604 1.892879 0
2.740157 -1.834529 -2.236768 1
-2.290044 -2.497276 2.712509 4
2.527687 -0.911426 -0.745476 3
-2.377189 -4.917613 2.213415 4
5.004236 -0.854817 -2.060592 3
-1.471467 1.802201 1.950382 0
-0.709849 -0.141055 2.319506 2
-1.205010 0.633252 1.895899 2
1.382392 0.706767 0.385390 3
3.631974 -2.243031 -2.141745 1
-3.706765 2.933657 1.903669 0
3.334790 -2.432253 -2.830558 1
1.894448 -2.707983 -0.180002 1
-1.751482 0.443662 2.731579 2
-1.822215 1.571251 2.066975 0
-1.426728 1.109445 2.752677 0
-3.112577 -3.082654 1.748022 4
-2.560649 -4.096874 2.564879 4
-1.898753 0.626453 1.908031 2
-0.929523 0.907827 3.217383 2
4.493761 -1.556399 -2.643023 3
3.816417 -1.185286 -1.955769 3
-0.616095 -0.763486 1.620232 2
2.870411 -1.182932 -2.100366 3
-0.688557 0.363614 3.741773 2
3.892860 -0.591865 -2.237770 3
-1.667319 0.819014 2.290168 2
1.987163 -2.312621 -0.778899 1
-2.631794 -3.199391 1.680026 4
-1.289424 1.188764 3.514753 2
1.903705 -3.619617 -1.516049 1
-2.439630 -2.880024 2.049753 4
-0.810432 -0.129196 3.257978 2
-1.697036 1.260952 0.985397 0
-3.894795 -1.268446 0.191252 4
-1.150174 -3.091031 3.194420 4
3.145771 -0.796926 -1.524610 3
-1.990800 -2.797016 2.025557 4
-2.329758 -2.998591 4.393289 4
3.066786 -2.658377 -1.624057 1
3.652439 1.949489 -0.183019 3
2.658209 -3.186613 -2.012555 1
2.359144 -1.366708 -0.843793 3
2.199006 -3.193219 -0.943805 1
-1.071513 -2.500434 1.556381 4
3.152234 -0.310909 -1.755871 3
-1.025207 -3.449885 3.273979 4
-0.464664 0.770565 2.151761 2
3.541026 -1.168447 -2.103057 3
2.916627 -2.283503 -2.079964 1
-2.338850 -2.859699 1.678344 4
-1.033132 0.076341 1.625132 2
-1.651180 -1.647425 2.212906 4
3.058414 -2.387292 -1.207615 1
2.112473 1.911906 -0.181996 3
-0.113270 -1.967884 2.265791 4
2.734097 1.643877 0.017085 3
2.889992 -1.840507 -1.521250 1
2.839390 -2.083022 -1.256786 1
2.915071 -2.514079 -1.809110 1
2.061860 -3.119237 -0.887779 1
-0.683700 0.991052 1.711281 0
-3.167647 -2.351954 1.061877 4
3.178131 -1.960359 -2.085776 1